# relative_time, cycles_done, cur_item, corpus_count, pending_total, pending_favs, map_size, saved_crashes, saved_hangs, max_depth, execs_per_sec, total_execs, edges_found, total_crashes, servers_count
61, 0, 30, 356, 320, 105, 31.91%, 0, 0, 2, 1503.68, 102223, 992, 0, 0
66, 0, 30, 356, 320, 105, 31.91%, 0, 0, 2, 1459.72, 109753, 992, 0, 0
71, 0, 30, 359, 323, 105, 31.91%, 0, 0, 2, 1480.65, 117186, 992, 0, 0
76, 0, 31, 359, 319, 113, 31.91%, 0, 0, 2, 1328.16, 125484, 992, 0, 0
81, 0, 33, 370, 326, 109, 31.91%, 0, 0, 2, 1363.91, 131409, 992, 0, 0
87, 0, 33, 376, 332, 109, 32.00%, 0, 0, 2, 1646.71, 140283, 995, 0, 0
92, 0, 46, 394, 343, 109, 32.04%, 0, 0, 2, 1713.86, 148875, 996, 0, 0
97, 0, 48, 413, 361, 107, 32.10%, 0, 0, 2, 1726.65, 157687, 998, 0, 0
102, 0, 341, 435, 381, 105, 32.39%, 0, 0, 3, 1947.83, 167748, 1007, 0, 0
107, 0, 341, 448, 394, 105, 32.84%, 0, 0, 3, 2068.49, 178695, 1021, 0, 0
112, 0, 341, 451, 397, 105, 32.84%, 0, 0, 3, 2097.30, 189603, 1021, 0, 0
117, 0, 341, 452, 398, 105, 33.10%, 0, 0, 3, 2094.47, 200236, 1029, 0, 0
122, 0, 341, 455, 401, 105, 33.10%, 0, 0, 3, 2095.00, 210673, 1029, 0, 0
128, 0, 52, 456, 401, 117, 33.10%, 0, 0, 3, 2100.71, 223143, 1029, 0, 0
133, 0, 460, 465, 403, 111, 33.10%, 0, 0, 3, 1806.27, 231321, 1029, 0, 0
138, 0, 66, 466, 401, 107, 33.10%, 0, 0, 3, 1631.91, 239650, 1029, 0, 0
143, 0, 66, 503, 438, 107, 33.19%, 0, 0, 3, 1158.46, 244816, 1032, 0, 0
148, 0, 66, 504, 439, 107, 33.19%, 0, 0, 3, 987.60, 249658, 1032, 0, 0
154, 0, 66, 504, 439, 107, 33.19%, 0, 0, 3, 890.57, 254080, 1032, 0, 0
159, 0, 66, 504, 439, 107, 33.19%, 0, 0, 3, 834.36, 258261, 1032, 0, 0
164, 0, 66, 504, 439, 107, 33.19%, 0, 0, 3, 811.15, 262389, 1032, 0, 0
169, 0, 66, 504, 439, 107, 33.19%, 0, 0, 3, 802.55, 266437, 1032, 0, 0
174, 0, 66, 504, 439, 107, 33.19%, 0, 0, 3, 782.91, 270365, 1032, 0, 0
179, 0, 66, 504, 439, 107, 33.19%, 0, 0, 3, 793.23, 274460, 1032, 0, 0
184, 0, 66, 504, 439, 107, 33.19%, 0, 0, 3, 799.43, 278585, 1032, 0, 0
189, 0, 66, 504, 439, 107, 33.19%, 0, 0, 3, 797.70, 282620, 1032, 0, 0
194, 0, 66, 504, 439, 107, 33.19%, 0, 0, 3, 788.97, 286595, 1032, 0, 0
200, 0, 67, 512, 446, 110, 33.19%, 0, 0, 3, 1086.97, 292160, 1032, 0, 0
205, 0, 122, 517, 431, 91, 33.19%, 0, 0, 3, 1605.94, 302373, 1032, 0, 0
210, 0, 465, 518, 416, 75, 33.19%, 0, 0, 3, 1719.08, 311834, 1032, 0, 0
215, 0, 218, 518, 395, 54, 33.19%, 0, 0, 3, 1743.18, 320377, 1032, 0, 0
220, 0, 279, 518, 385, 45, 33.19%, 0, 0, 3, 1618.11, 328278, 1032, 0, 0
225, 0, 315, 530, 389, 37, 33.19%, 0, 0, 3, 1873.63, 337713, 1032, 0, 0
230, 0, 332, 534, 392, 38, 33.19%, 0, 0, 3, 1977.45, 348725, 1032, 0, 0
236, 0, 344, 536, 384, 28, 33.19%, 0, 0, 4, 1737.68, 357074, 1032, 0, 0
241, 0, 348, 537, 379, 23, 33.23%, 0, 0, 4, 1619.66, 364416, 1033, 0, 0
246, 0, 350, 539, 374, 17, 33.23%, 0, 0, 4, 1610.01, 372744, 1033, 0, 0
251, 0, 354, 540, 368, 11, 33.23%, 0, 0, 4, 1441.98, 379712, 1033, 0, 0
256, 0, 538, 541, 358, 2, 33.29%, 0, 0, 4, 1598.58, 387794, 1035, 0, 0
261, 0, 333, 542, 347, 0, 33.32%, 0, 0, 4, 1717.67, 397039, 1036, 0, 0
266, 0, 223, 542, 344, 0, 33.32%, 0, 0, 4, 1454.59, 403687, 1036, 0, 0
272, 0, 46, 552, 347, 0, 33.32%, 0, 0, 4, 1679.15, 412577, 1036, 0, 0
277, 0, 112, 552, 339, 0, 33.32%, 0, 0, 4, 1764.63, 421840, 1036, 0, 0
282, 0, 173, 553, 329, 0, 33.32%, 0, 0, 4, 1786.79, 430583, 1036, 0, 0
287, 0, 26, 554, 327, 0, 33.32%, 0, 0, 4, 1538.10, 437721, 1036, 0, 0
292, 0, 507, 557, 321, 0, 33.32%, 0, 0, 4, 1464.39, 445648, 1036, 0, 0
297, 0, 505, 557, 314, 0, 33.32%, 0, 0, 4, 1448.13, 452993, 1036, 0, 0
302, 0, 297, 557, 306, 0, 33.32%, 0, 0, 4, 1660.36, 461365, 1036, 0, 0
308, 0, 34, 557, 301, 0, 33.32%, 0, 0, 4, 1425.41, 467655, 1036, 0, 0
313, 1, 492, 560, 297, 0, 33.32%, 0, 0, 4, 1533.70, 476166, 1036, 0, 0
318, 1, 544, 561, 285, 0, 33.32%, 0, 0, 4, 1574.10, 484404, 1036, 0, 0
323, 1, 257, 562, 277, 0, 33.35%, 0, 0, 4, 1619.59, 492923, 1037, 0, 0
328, 1, 556, 565, 275, 0, 33.35%, 0, 0, 4, 1371.95, 498806, 1037, 0, 0
333, 1, 258, 568, 268, 0, 33.35%, 0, 0, 4, 1552.69, 506258, 1037, 0, 0
338, 1, 475, 570, 260, 0, 33.35%, 0, 0, 4, 1623.77, 514618, 1037, 0, 0
343, 1, 559, 572, 246, 0, 33.35%, 0, 0, 5, 1715.50, 523383, 1037, 0, 0
348, 1, 563, 573, 242, 0, 33.35%, 0, 0, 5, 1431.99, 530953, 1037, 0, 0
353, 1, 271, 573, 232, 0, 33.35%, 0, 0, 5, 1515.68, 538308, 1037, 0, 0
358, 1, 274, 573, 221, 0, 33.35%, 0, 0, 5, 1517.15, 545529, 1037, 0, 0
364, 1, 467, 575, 213, 0, 33.35%, 0, 0, 5, 1739.26, 554791, 1037, 0, 0
369, 1, 385, 575, 208, 0, 33.35%, 0, 0, 5, 1456.81, 562599, 1037, 0, 0
374, 1, 245, 577, 206, 0, 33.42%, 0, 0, 5, 1309.28, 569920, 1039, 0, 0
379, 1, 256, 580, 198, 0, 33.42%, 0, 0, 5, 1389.90, 577753, 1039, 0, 0
384, 1, 487, 580, 192, 0, 33.42%, 0, 0, 5, 1287.06, 583923, 1039, 0, 0
390, 1, 268, 580, 181, 0, 33.42%, 0, 0, 5, 1561.91, 592228, 1039, 0, 0
395, 1, 24, 580, 173, 0, 33.42%, 0, 0, 5, 1596.96, 600480, 1039, 0, 0
400, 1, 481, 581, 160, 0, 33.42%, 0, 0, 5, 1675.85, 608986, 1039, 0, 0
406, 1, 584, 587, 156, 1, 33.61%, 0, 0, 5, 1460.24, 618357, 1045, 0, 0
411, 1, 437, 588, 150, 0, 33.61%, 0, 0, 5, 1309.02, 624626, 1045, 0, 0
416, 1, 243, 588, 138, 0, 33.61%, 0, 0, 5, 1619.35, 633043, 1045, 0, 0
421, 1, 71, 590, 132, 0, 33.61%, 0, 0, 5, 1714.35, 641720, 1045, 0, 0
427, 1, 285, 591, 129, 0, 33.61%, 0, 0, 5, 1596.56, 649580, 1045, 0, 0
432, 2, 283, 591, 119, 0, 33.61%, 0, 0, 5, 1639.27, 657947, 1045, 0, 0
437, 2, 163, 591, 108, 0, 33.61%, 0, 0, 5, 1596.84, 665753, 1045, 0, 0
442, 2, 339, 591, 99, 0, 33.61%, 0, 0, 5, 1627.08, 673858, 1045, 0, 0
447, 2, 575, 592, 93, 0, 33.61%, 0, 0, 5, 1753.71, 682933, 1045, 0, 0
454, 2, 498, 595, 88, 0, 33.61%, 0, 0, 5, 1754.13, 693828, 1045, 0, 0
459, 2, 280, 595, 81, 0, 33.61%, 0, 0, 5, 1669.06, 702058, 1045, 0, 0
464, 2, 22, 595, 74, 0, 33.61%, 0, 0, 5, 1650.71, 710599, 1045, 0, 0
469, 2, 250, 597, 72, 0, 33.61%, 0, 0, 5, 1672.64, 718750, 1045, 0, 0
474, 2, 31, 598, 69, 0, 33.61%, 0, 0, 5, 1598.51, 727076, 1045, 0, 0
479, 2, 6, 598, 65, 0, 33.61%, 0, 0, 5, 1803.38, 736189, 1045, 0, 0
484, 2, 378, 598, 57, 0, 33.61%, 0, 0, 5, 1818.97, 745685, 1045, 0, 0
489, 3, 585, 598, 50, 0, 33.61%, 0, 0, 5, 1752.89, 754532, 1045, 0, 0
494, 3, 306, 598, 44, 0, 33.61%, 0, 0, 5, 1753.35, 763502, 1045, 0, 0
500, 3, 329, 598, 41, 0, 33.61%, 0, 0, 5, 1771.31, 773013, 1045, 0, 0
505, 3, 29, 598, 39, 0, 33.61%, 0, 0, 5, 1811.37, 782235, 1045, 0, 0
510, 3, 415, 598, 36, 0, 33.61%, 0, 0, 5, 1708.03, 790787, 1045, 0, 0
515, 3, 421, 599, 32, 0, 33.61%, 0, 0, 5, 1826.58, 800456, 1045, 0, 0
520, 3, 597, 599, 31, 0, 33.61%, 0, 0, 5, 1833.95, 809604, 1045, 0, 0
525, 3, 332, 599, 30, 0, 33.61%, 0, 0, 5, 1718.27, 816943, 1045, 0, 0
530, 4, 13, 599, 28, 0, 33.61%, 0, 0, 5, 1633.65, 824893, 1045, 0, 0
535, 4, 251, 600, 26, 0, 33.64%, 0, 0, 5, 1751.30, 833358, 1046, 0, 0
542, 4, 32, 602, 25, 0, 33.71%, 0, 0, 5, 1707.49, 843431, 1048, 0, 0
547, 4, 19, 603, 22, 0, 33.71%, 0, 0, 5, 1508.12, 850077, 1048, 0, 0
552, 4, 568, 604, 20, 0, 33.71%, 0, 0, 5, 1643.16, 858575, 1048, 0, 0
557, 4, 584, 604, 19, 0, 33.71%, 0, 0, 5, 1574.20, 866783, 1048, 0, 0
562, 4, 586, 604, 19, 0, 33.71%, 0, 0, 5, 1609.25, 874860, 1048, 0, 0
567, 4, 136, 607, 20, 0, 33.71%, 0, 0, 5, 1663.90, 883201, 1048, 0, 0
572, 4, 465, 607, 18, 0, 33.71%, 0, 0, 5, 1636.66, 891350, 1048, 0, 0
577, 5, 604, 608, 18, 0, 33.74%, 0, 0, 5, 1683.41, 899712, 1049, 0, 0
582, 5, 46, 609, 16, 0, 33.74%, 0, 0, 5, 1716.01, 908611, 1049, 0, 0
587, 5, 585, 609, 15, 0, 33.74%, 0, 0, 5, 1696.08, 917610, 1049, 0, 0
593, 5, 499, 610, 16, 0, 33.74%, 0, 0, 5, 1679.12, 926518, 1049, 0, 0
598, 5, 31, 610, 16, 0, 33.74%, 0, 0, 5, 1563.31, 933225, 1049, 0, 0
603, 5, 300, 611, 15, 0, 33.74%, 0, 0, 5, 1717.90, 942135, 1049, 0, 0
609, 5, 453, 611, 15, 0, 33.74%, 0, 0, 5, 1209.36, 950244, 1049, 0, 0
614, 5, 416, 614, 18, 0, 33.74%, 0, 0, 5, 1699.43, 959630, 1049, 0, 0
619, 6, 511, 614, 15, 0, 33.74%, 0, 0, 5, 1679.97, 969200, 1049, 0, 0
625, 6, 56, 615, 16, 0, 33.74%, 0, 0, 5, 1773.70, 978635, 1049, 0, 0
631, 6, 14, 615, 13, 0, 33.74%, 0, 0, 5, 1785.87, 989627, 1049, 0, 0
636, 6, 261, 616, 12, 0, 33.74%, 0, 0, 5, 1852.97, 999085, 1049, 0, 0
641, 6, 584, 616, 10, 0, 33.74%, 0, 0, 5, 1831.98, 1008347, 1049, 0, 0
646, 6, 497, 616, 10, 0, 33.74%, 0, 0, 5, 1846.49, 1017622, 1049, 0, 0
651, 6, 160, 616, 10, 0, 33.74%, 0, 0, 5, 1799.67, 1026831, 1049, 0, 0
657, 7, 282, 616, 10, 0, 33.74%, 0, 0, 5, 1835.72, 1037740, 1049, 0, 0
662, 7, 166, 616, 10, 0, 33.74%, 0, 0, 5, 1779.92, 1046798, 1049, 0, 0
667, 7, 444, 616, 10, 0, 33.74%, 0, 0, 5, 1806.13, 1056089, 1049, 0, 0
672, 7, 78, 616, 9, 0, 33.74%, 0, 0, 5, 1852.93, 1065409, 1049, 0, 0
677, 7, 55, 617, 10, 0, 33.74%, 0, 0, 5, 1837.28, 1074610, 1049, 0, 0
682, 7, 260, 618, 10, 0, 33.74%, 0, 0, 5, 1806.25, 1083717, 1049, 0, 0
687, 7, 541, 619, 10, 0, 33.74%, 0, 0, 5, 1824.54, 1092969, 1049, 0, 0
692, 8, 208, 619, 8, 0, 33.74%, 0, 0, 5, 1719.26, 1101589, 1049, 0, 0
698, 8, 435, 619, 8, 0, 33.74%, 0, 0, 5, 1743.76, 1110346, 1049, 0, 0
703, 8, 40, 619, 8, 0, 33.74%, 0, 0, 5, 1863.49, 1119864, 1049, 0, 0
708, 8, 421, 619, 8, 0, 33.74%, 0, 0, 5, 1801.78, 1128668, 1049, 0, 0
713, 8, 213, 620, 7, 0, 33.74%, 0, 0, 5, 1763.37, 1137654, 1049, 0, 0
718, 8, 576, 621, 7, 0, 33.74%, 0, 0, 5, 1790.64, 1147360, 1049, 0, 0
723, 8, 602, 621, 6, 0, 33.74%, 0, 0, 5, 1839.14, 1157036, 1049, 0, 0
728, 9, 585, 623, 8, 0, 33.74%, 0, 0, 5, 1765.89, 1166162, 1049, 0, 0
733, 9, 345, 624, 9, 0, 33.74%, 0, 0, 5, 1828.90, 1175749, 1049, 0, 0
738, 9, 119, 624, 9, 0, 33.74%, 0, 0, 5, 1761.54, 1184472, 1049, 0, 0
744, 9, 511, 625, 8, 0, 33.74%, 0, 0, 5, 1868.14, 1194354, 1049, 0, 0
749, 9, 40, 625, 7, 0, 33.74%, 0, 0, 5, 1763.84, 1203203, 1049, 0, 0
754, 9, 465, 625, 5, 0, 33.74%, 0, 0, 5, 1812.96, 1212837, 1049, 0, 0
759, 9, 159, 625, 5, 0, 33.74%, 0, 0, 5, 1724.23, 1220558, 1049, 0, 0
764, 9, 625, 641, 21, 1, 33.74%, 0, 0, 6, 1909.64, 1230144, 1049, 0, 0
769, 9, 590, 644, 19, 0, 33.74%, 0, 0, 7, 1989.40, 1240446, 1049, 0, 0
774, 10, 641, 654, 28, 0, 33.74%, 0, 0, 7, 1912.45, 1249781, 1049, 0, 0
779, 10, 648, 656, 28, 1, 33.74%, 0, 0, 8, 2034.91, 1260448, 1049, 0, 0
784, 10, 441, 656, 23, 0, 33.74%, 0, 0, 8, 1982.55, 1270862, 1049, 0, 0
789, 10, 586, 659, 21, 0, 33.77%, 0, 0, 8, 1791.20, 1279925, 1050, 0, 0
795, 10, 445, 659, 18, 0, 33.77%, 0, 0, 8, 1771.93, 1288994, 1050, 0, 0
800, 10, 654, 666, 21, 0, 33.77%, 0, 0, 8, 1893.24, 1298793, 1050, 0, 0
805, 10, 654, 670, 25, 0, 33.77%, 0, 0, 8, 1966.04, 1308668, 1050, 0, 0
810, 10, 393, 671, 21, 0, 33.77%, 0, 0, 8, 1935.22, 1318577, 1050, 0, 0
815, 10, 133, 673, 21, 0, 33.84%, 0, 0, 8, 1848.92, 1327904, 1052, 0, 0
820, 10, 643, 673, 18, 0, 33.84%, 0, 0, 8, 1840.30, 1337024, 1052, 0, 0
825, 10, 499, 673, 14, 0, 33.84%, 0, 0, 8, 1845.99, 1346589, 1052, 0, 0
830, 10, 261, 673, 13, 0, 33.84%, 0, 0, 8, 1883.83, 1355767, 1052, 0, 0
835, 11, 623, 674, 10, 0, 33.87%, 0, 0, 8, 1654.91, 1364419, 1053, 0, 0
841, 11, 236, 676, 8, 0, 33.87%, 0, 0, 8, 1649.94, 1374190, 1053, 0, 0
846, 11, 142, 678, 8, 0, 33.87%, 0, 0, 9, 1583.44, 1382255, 1053, 0, 0
851, 11, 367, 678, 6, 0, 33.87%, 0, 0, 9, 1568.68, 1389954, 1053, 0, 0
856, 11, 426, 678, 5, 0, 33.87%, 0, 0, 9, 1676.42, 1398462, 1053, 0, 0
861, 11, 586, 678, 5, 0, 33.87%, 0, 0, 9, 1656.91, 1406352, 1053, 0, 0
866, 11, 585, 679, 4, 0, 33.87%, 0, 0, 9, 1708.23, 1414980, 1053, 0, 0
871, 11, 11, 679, 2, 0, 33.87%, 0, 0, 9, 1860.51, 1424779, 1053, 0, 0
876, 11, 665, 679, 2, 0, 33.87%, 0, 0, 9, 1747.23, 1433602, 1053, 0, 0
881, 11, 346, 679, 2, 0, 33.87%, 0, 0, 9, 1681.59, 1442178, 1053, 0, 0
886, 12, 600, 679, 1, 0, 33.87%, 0, 0, 9, 1689.46, 1450899, 1053, 0, 0
891, 12, 540, 679, 0, 0, 33.87%, 0, 0, 9, 1711.16, 1459528, 1053, 0, 0
896, 12, 366, 680, 1, 0, 33.87%, 0, 0, 9, 1709.73, 1468051, 1053, 0, 0
902, 12, 31, 680, 1, 0, 33.87%, 0, 0, 9, 1782.79, 1477393, 1053, 0, 0
907, 12, 673, 681, 2, 0, 33.87%, 0, 0, 9, 1824.23, 1486975, 1053, 0, 0
912, 12, 638, 682, 2, 0, 33.90%, 0, 0, 9, 1874.10, 1496242, 1054, 0, 0
917, 12, 394, 682, 2, 0, 33.90%, 0, 0, 9, 1799.92, 1506056, 1054, 0, 0
923, 12, 679, 683, 3, 0, 33.90%, 0, 0, 9, 1567.63, 1514711, 1054, 0, 0
928, 13, 419, 684, 2, 0, 33.90%, 0, 0, 9, 1637.64, 1523535, 1054, 0, 0
933, 13, 34, 684, 1, 0, 33.90%, 0, 0, 9, 1586.74, 1531381, 1054, 0, 0
938, 13, 32, 685, 1, 0, 33.90%, 0, 0, 9, 1546.04, 1539182, 1054, 0, 0
943, 13, 648, 685, 1, 0, 33.90%, 0, 0, 9, 1704.68, 1547847, 1054, 0, 0
949, 13, 446, 687, 3, 0, 33.90%, 0, 0, 9, 1758.78, 1557152, 1054, 0, 0
954, 13, 346, 688, 2, 0, 33.90%, 0, 0, 9, 1695.92, 1565828, 1054, 0, 0
959, 13, 294, 688, 1, 0, 33.90%, 0, 0, 9, 1788.18, 1575082, 1054, 0, 0
964, 13, 667, 693, 6, 0, 33.90%, 0, 0, 9, 1846.24, 1584422, 1054, 0, 0
969, 13, 575, 694, 6, 0, 33.90%, 0, 0, 9, 1800.73, 1592590, 1054, 0, 0
974, 13, 689, 695, 6, 0, 33.90%, 0, 0, 9, 1744.08, 1600979, 1054, 0, 0
979, 13, 46, 696, 6, 0, 33.90%, 0, 0, 9, 1703.96, 1609478, 1054, 0, 0
984, 14, 671, 700, 8, 0, 33.90%, 0, 0, 10, 1799.07, 1618512, 1054, 0, 0
989, 14, 463, 700, 8, 0, 33.90%, 0, 0, 10, 500.33, 1625468, 1054, 0, 0
994, 14, 584, 700, 7, 0, 33.90%, 0, 0, 10, 1290.66, 1632942, 1054, 0, 0
1000, 14, 377, 701, 7, 0, 33.90%, 0, 0, 10, 1711.13, 1642105, 1054, 0, 0
1005, 14, 699, 702, 8, 0, 33.90%, 0, 0, 10, 1285.46, 1648821, 1054, 0, 0
1010, 14, 699, 709, 15, 0, 33.90%, 0, 0, 11, 1015.51, 1653576, 1054, 0, 0
1015, 14, 699, 710, 16, 0, 33.90%, 0, 0, 11, 864.92, 1657646, 1054, 0, 0
1020, 14, 704, 711, 16, 1, 33.90%, 0, 0, 12, 922.42, 1662444, 1054, 0, 0
1025, 14, 701, 711, 14, 0, 33.90%, 0, 0, 12, 983.06, 1667579, 1054, 0, 0
1030, 14, 97, 712, 14, 0, 33.90%, 0, 0, 12, 909.25, 1672179, 1054, 0, 0
1035, 14, 710, 713, 14, 0, 33.90%, 0, 0, 13, 1006.82, 1677516, 1054, 0, 0
1040, 14, 600, 713, 12, 0, 33.90%, 0, 0, 13, 1018.24, 1682625, 1054, 0, 0
1046, 14, 712, 714, 11, 0, 33.90%, 0, 0, 13, 997.55, 1687735, 1054, 0, 0
1051, 14, 340, 714, 10, 0, 33.90%, 0, 0, 13, 985.01, 1692760, 1054, 0, 0
1056, 14, 416, 714, 8, 0, 33.90%, 0, 0, 13, 966.22, 1697557, 1054, 0, 0
1061, 14, 421, 714, 8, 0, 33.90%, 0, 0, 13, 921.53, 1702173, 1054, 0, 0
1066, 14, 713, 714, 8, 0, 33.90%, 0, 0, 13, 910.16, 1706889, 1054, 0, 0
1071, 14, 714, 715, 8, 0, 33.90%, 0, 0, 13, 937.93, 1711683, 1054, 0, 0
1076, 14, 440, 716, 8, 0, 33.90%, 0, 0, 14, 918.88, 1716171, 1054, 0, 0
1081, 14, 13, 716, 7, 0, 33.90%, 0, 0, 14, 845.86, 1720227, 1054, 0, 0
1086, 14, 69, 717, 8, 0, 33.90%, 0, 0, 14, 861.74, 1724578, 1054, 0, 0
1091, 15, 538, 717, 8, 0, 33.90%, 0, 0, 14, 903.36, 1728943, 1054, 0, 0
1096, 15, 166, 718, 8, 0, 33.90%, 0, 0, 14, 950.59, 1733795, 1054, 0, 0
1101, 15, 55, 718, 6, 0, 33.90%, 0, 0, 14, 969.25, 1738715, 1054, 0, 0
1106, 15, 646, 718, 5, 0, 33.90%, 0, 0, 14, 959.46, 1743464, 1054, 0, 0
1112, 15, 715, 718, 5, 0, 33.90%, 0, 0, 14, 848.14, 1747597, 1054, 0, 0
1117, 15, 538, 719, 4, 0, 33.90%, 0, 0, 15, 907.42, 1752296, 1054, 0, 0
1122, 15, 329, 719, 4, 0, 33.90%, 0, 0, 15, 875.11, 1756641, 1054, 0, 0
1128, 15, 661, 719, 3, 0, 33.90%, 0, 0, 15, 881.87, 1762284, 1054, 0, 0
1133, 15, 465, 719, 2, 0, 33.90%, 0, 0, 15, 874.57, 1766684, 1054, 0, 0
1138, 15, 138, 719, 2, 0, 33.90%, 0, 0, 15, 949.09, 1771377, 1054, 0, 0
1143, 15, 445, 719, 1, 0, 33.90%, 0, 0, 15, 985.28, 1776577, 1054, 0, 0
1148, 15, 639, 719, 1, 0, 33.90%, 0, 0, 15, 952.21, 1781319, 1054, 0, 0
1153, 15, 93, 719, 1, 0, 33.90%, 0, 0, 15, 822.82, 1785591, 1054, 0, 0
1158, 15, 301, 720, 2, 0, 33.90%, 0, 0, 15, 725.02, 1789341, 1054, 0, 0
1164, 15, 119, 720, 1, 0, 33.90%, 0, 0, 15, 865.81, 1794032, 1054, 0, 0
1169, 15, 332, 720, 1, 0, 33.90%, 0, 0, 15, 979.24, 1799342, 1054, 0, 0
1174, 15, 538, 720, 1, 0, 33.90%, 0, 0, 15, 984.77, 1804234, 1054, 0, 0
1179, 15, 260, 720, 1, 0, 33.90%, 0, 0, 15, 955.26, 1809256, 1054, 0, 0
1184, 15, 166, 721, 2, 0, 33.90%, 0, 0, 15, 955.32, 1814326, 1054, 0, 0
1189, 16, 673, 721, 2, 0, 33.90%, 0, 0, 15, 523.28, 1817714, 1054, 0, 0
1194, 16, 197, 721, 1, 0, 33.90%, 0, 0, 15, 741.54, 1821562, 1054, 0, 0
1199, 16, 140, 721, 1, 0, 33.90%, 0, 0, 15, 901.27, 1826198, 1054, 0, 0
1204, 16, 31, 721, 1, 0, 33.90%, 0, 0, 15, 891.95, 1830588, 1054, 0, 0
1209, 16, 218, 721, 1, 0, 33.90%, 0, 0, 15, 922.15, 1835184, 1054, 0, 0
1214, 16, 13, 721, 1, 0, 33.90%, 0, 0, 15, 966.41, 1840092, 1054, 0, 0
1219, 16, 55, 721, 0, 0, 33.90%, 0, 0, 15, 975.59, 1844993, 1054, 0, 0
1225, 16, 673, 721, 0, 0, 33.90%, 0, 0, 15, 1016.46, 1851141, 1054, 0, 0
1230, 16, 575, 721, 0, 0, 33.90%, 0, 0, 15, 996.28, 1856110, 1054, 0, 0
1236, 16, 260, 721, 0, 0, 33.90%, 0, 0, 15, 981.30, 1861127, 1054, 0, 0
1241, 16, 138, 721, 0, 0, 33.90%, 0, 0, 15, 1010.25, 1866411, 1054, 0, 0
1246, 16, 671, 721, 0, 0, 33.90%, 0, 0, 15, 980.09, 1871243, 1054, 0, 0
1251, 16, 432, 721, 0, 0, 33.90%, 0, 0, 15, 987.02, 1876099, 1054, 0, 0
1256, 16, 247, 721, 0, 0, 33.90%, 0, 0, 15, 1011.75, 1881087, 1054, 0, 0
1261, 16, 9, 721, 0, 0, 33.90%, 0, 0, 15, 917.96, 1885535, 1054, 0, 0
1266, 16, 440, 721, 0, 0, 33.90%, 0, 0, 15, 989.93, 1890726, 1054, 0, 0
1271, 16, 135, 722, 0, 0, 33.90%, 0, 0, 15, 960.18, 1895559, 1054, 0, 0
1276, 16, 197, 722, 0, 0, 33.90%, 0, 0, 15, 915.09, 1900143, 1054, 0, 0
1281, 17, 411, 722, 0, 0, 33.90%, 0, 0, 15, 998.87, 1905204, 1054, 0, 0
1286, 17, 691, 722, 0, 0, 33.90%, 0, 0, 15, 1002.65, 1910496, 1054, 0, 0
1291, 17, 181, 722, 0, 0, 33.90%, 0, 0, 15, 918.72, 1915211, 1054, 0, 0
1297, 17, 56, 722, 0, 0, 33.90%, 0, 0, 15, 982.86, 1920701, 1054, 0, 0
1302, 17, 441, 722, 0, 0, 33.90%, 0, 0, 15, 925.36, 1925424, 1054, 0, 0
1307, 17, 13, 723, 1, 0, 33.90%, 0, 0, 15, 884.87, 1929894, 1054, 0, 0
1312, 17, 68, 724, 2, 0, 33.90%, 0, 0, 15, 985.57, 1935163, 1054, 0, 0
1317, 17, 445, 724, 2, 0, 33.90%, 0, 0, 15, 895.38, 1939635, 1054, 0, 0
1322, 17, 245, 724, 2, 0, 33.90%, 0, 0, 15, 945.65, 1944350, 1054, 0, 0
1327, 17, 159, 724, 2, 0, 33.90%, 0, 0, 15, 966.45, 1949348, 1054, 0, 0
1332, 17, 645, 724, 2, 0, 33.90%, 0, 0, 15, 999.19, 1954561, 1054, 0, 0
1338, 17, 661, 724, 2, 0, 33.90%, 0, 0, 15, 991.95, 1959542, 1054, 0, 0
1343, 17, 555, 724, 2, 0, 33.90%, 0, 0, 15, 999.25, 1964759, 1054, 0, 0
1348, 17, 671, 724, 2, 0, 33.90%, 0, 0, 15, 960.85, 1969605, 1054, 0, 0
1353, 17, 266, 724, 1, 0, 33.90%, 0, 0, 15, 960.47, 1974407, 1054, 0, 0
1359, 17, 682, 724, 0, 0, 33.90%, 0, 0, 15, 976.54, 1980717, 1054, 0, 0
1364, 17, 346, 724, 0, 0, 33.90%, 0, 0, 15, 974.36, 1985614, 1054, 0, 0
1369, 18, 13, 724, 0, 0, 33.90%, 0, 0, 15, 975.86, 1990395, 1054, 0, 0
1374, 18, 600, 724, 0, 0, 33.90%, 0, 0, 15, 934.47, 1995199, 1054, 0, 0
1379, 18, 124, 724, 0, 0, 33.90%, 0, 0, 15, 977.30, 2000143, 1054, 0, 0
1385, 18, 646, 725, 1, 0, 33.90%, 0, 0, 15, 1010.69, 2005432, 1054, 0, 0
1390, 18, 629, 726, 1, 0, 33.90%, 0, 0, 15, 956.61, 2010302, 1054, 0, 0
1395, 18, 661, 726, 0, 0, 33.90%, 0, 0, 15, 953.00, 2015134, 1054, 0, 0
1400, 18, 624, 726, 0, 0, 33.90%, 0, 0, 15, 991.83, 2020254, 1054, 0, 0
1405, 18, 586, 726, 0, 0, 33.90%, 0, 0, 15, 981.08, 2025002, 1054, 0, 0
1410, 18, 204, 727, 1, 0, 33.90%, 0, 0, 15, 852.22, 2029405, 1054, 0, 0
1415, 18, 423, 727, 0, 0, 33.90%, 0, 0, 15, 880.57, 2033978, 1054, 0, 0
1420, 18, 639, 727, 0, 0, 33.90%, 0, 0, 15, 851.51, 2038691, 1054, 0, 0
1427, 18, 244, 727, 0, 0, 33.90%, 0, 0, 15, 945.63, 2044537, 1054, 0, 0
1432, 18, 7, 727, 0, 0, 33.90%, 0, 0, 15, 952.95, 2049278, 1054, 0, 0
1437, 18, 638, 728, 0, 0, 33.90%, 0, 0, 15, 868.38, 2053870, 1054, 0, 0
1442, 18, 370, 728, 0, 0, 33.90%, 0, 0, 15, 976.49, 2058829, 1054, 0, 0
1447, 18, 619, 729, 1, 0, 33.90%, 0, 0, 15, 989.78, 2063833, 1054, 0, 0
1452, 18, 317, 729, 0, 0, 33.90%, 0, 0, 15, 948.83, 2068492, 1054, 0, 0
1457, 19, 160, 729, 0, 0, 33.90%, 0, 0, 15, 968.70, 2073542, 1054, 0, 0
1462, 19, 432, 729, 0, 0, 33.90%, 0, 0, 15, 995.59, 2078578, 1054, 0, 0
1467, 19, 582, 729, 0, 0, 33.90%, 0, 0, 15, 969.72, 2083452, 1054, 0, 0
1472, 19, 541, 729, 0, 0, 33.90%, 0, 0, 15, 949.45, 2088215, 1054, 0, 0
1478, 19, 600, 729, 0, 0, 33.90%, 0, 0, 15, 931.59, 2092737, 1054, 0, 0
1483, 19, 173, 729, 0, 0, 33.90%, 0, 0, 15, 946.79, 2097822, 1054, 0, 0
1488, 19, 190, 729, 0, 0, 33.90%, 0, 0, 15, 967.62, 2102804, 1054, 0, 0
1493, 19, 124, 729, 0, 0, 33.90%, 0, 0, 15, 1000.56, 2108019, 1054, 0, 0
1498, 19, 432, 729, 0, 0, 33.90%, 0, 0, 15, 938.30, 2112808, 1054, 0, 0
1503, 19, 460, 730, 1, 0, 33.90%, 0, 0, 15, 1013.88, 2117958, 1054, 0, 0
1509, 19, 518, 732, 2, 0, 33.90%, 0, 0, 15, 1039.01, 2124021, 1054, 0, 0
1514, 19, 365, 732, 2, 0, 33.90%, 0, 0, 15, 1023.28, 2129119, 1054, 0, 0
1519, 19, 732, 733, 3, 0, 33.90%, 0, 0, 15, 1020.31, 2134219, 1054, 0, 0
1524, 19, 601, 735, 4, 0, 33.90%, 0, 0, 15, 1022.15, 2139309, 1054, 0, 0
1529, 19, 540, 735, 4, 0, 33.90%, 0, 0, 15, 1004.74, 2144559, 1054, 0, 0
1534, 19, 673, 735, 4, 0, 33.90%, 0, 0, 15, 932.64, 2149275, 1054, 0, 0
1539, 19, 218, 736, 5, 0, 33.90%, 0, 0, 15, 991.32, 2154459, 1054, 0, 0
1545, 19, 430, 736, 4, 0, 33.90%, 0, 0, 15, 1008.60, 2159817, 1054, 0, 0
1550, 20, 56, 736, 4, 0, 33.90%, 0, 0, 15, 554.75, 2164482, 1054, 0, 0
1555, 20, 159, 736, 3, 0, 33.90%, 0, 0, 15, 847.03, 2169433, 1054, 0, 0
1560, 20, 55, 736, 3, 0, 33.90%, 0, 0, 15, 979.13, 2174499, 1054, 0, 0
1565, 20, 576, 736, 2, 0, 33.90%, 0, 0, 15, 995.59, 2179875, 1054, 0, 0
1570, 20, 546, 736, 2, 0, 33.90%, 0, 0, 15, 920.04, 2184500, 1054, 0, 0
1576, 20, 458, 736, 2, 0, 33.90%, 0, 0, 15, 912.38, 2189083, 1054, 0, 0
1581, 20, 339, 736, 2, 0, 33.90%, 0, 0, 15, 920.19, 2193706, 1054, 0, 0
1586, 20, 339, 736, 1, 0, 33.90%, 0, 0, 15, 957.83, 2198576, 1054, 0, 0
1591, 20, 558, 736, 1, 0, 33.90%, 0, 0, 15, 956.15, 2203149, 1054, 0, 0
1596, 20, 332, 736, 1, 0, 33.90%, 0, 0, 15, 995.16, 2208233, 1054, 0, 0
1601, 20, 743, 755, 18, 1, 34.06%, 0, 0, 15, 1031.22, 2213492, 1059, 0, 0
1606, 20, 673, 756, 17, 0, 34.06%, 0, 0, 15, 982.69, 2218560, 1059, 0, 0
1611, 20, 194, 756, 15, 0, 34.06%, 0, 0, 15, 898.43, 2223299, 1059, 0, 0
1616, 20, 575, 756, 15, 0, 34.06%, 0, 0, 15, 967.61, 2228172, 1059, 0, 0
1621, 20, 103, 756, 15, 0, 34.06%, 0, 0, 15, 1006.72, 2233221, 1059, 0, 0
1626, 20, 32, 756, 15, 0, 34.06%, 0, 0, 15, 950.07, 2238063, 1059, 0, 0
1631, 20, 682, 756, 14, 0, 34.06%, 0, 0, 15, 994.93, 2243057, 1059, 0, 0
1636, 20, 460, 756, 13, 0, 34.06%, 0, 0, 15, 1003.71, 2247964, 1059, 0, 0
1641, 20, 260, 756, 12, 0, 34.06%, 0, 0, 15, 1016.71, 2253060, 1059, 0, 0
1647, 21, 138, 756, 12, 0, 34.06%, 0, 0, 15, 992.97, 2258240, 1059, 0, 0
1652, 21, 673, 756, 11, 0, 34.06%, 0, 0, 15, 997.96, 2263285, 1059, 0, 0
1657, 21, 6, 756, 10, 0, 34.06%, 0, 0, 15, 1037.70, 2268620, 1059, 0, 0
1662, 21, 144, 756, 8, 0, 34.06%, 0, 0, 15, 1032.79, 2273925, 1059, 0, 0
1667, 21, 32, 756, 8, 0, 34.06%, 0, 0, 15, 1026.47, 2279100, 1059, 0, 0
1672, 21, 221, 756, 8, 0, 34.06%, 0, 0, 15, 1002.02, 2284054, 1059, 0, 0
1677, 21, 575, 756, 5, 0, 34.06%, 0, 0, 15, 980.30, 2289183, 1059, 0, 0
1684, 21, 733, 756, 5, 0, 34.06%, 0, 0, 15, 967.03, 2295513, 1059, 0, 0
1689, 21, 564, 756, 5, 0, 34.06%, 0, 0, 15, 1021.72, 2299946, 1059, 0, 0
1694, 21, 56, 757, 5, 0, 34.06%, 0, 0, 15, 1019.46, 2305076, 1059, 0, 0
1699, 21, 346, 757, 5, 0, 34.06%, 0, 0, 15, 993.15, 2310080, 1059, 0, 0
1704, 21, 247, 757, 5, 0, 34.06%, 0, 0, 15, 912.30, 2314510, 1059, 0, 0
1709, 21, 374, 757, 5, 0, 34.06%, 0, 0, 15, 990.29, 2319528, 1059, 0, 0
1714, 21, 332, 757, 4, 0, 34.06%, 0, 0, 15, 929.77, 2324372, 1059, 0, 0
1719, 21, 507, 757, 3, 0, 34.06%, 0, 0, 15, 963.99, 2329473, 1059, 0, 0
1724, 21, 584, 758, 3, 0, 34.06%, 0, 0, 15, 994.50, 2334670, 1059, 0, 0
1729, 21, 739, 758, 3, 0, 34.06%, 0, 0, 15, 992.15, 2339614, 1059, 0, 0
1734, 22, 575, 758, 2, 0, 34.06%, 0, 0, 15, 986.55, 2344641, 1059, 0, 0
1740, 22, 166, 759, 2, 0, 34.06%, 0, 0, 15, 1049.53, 2350169, 1059, 0, 0
1745, 22, 710, 762, 3, 0, 34.06%, 0, 0, 15, 994.41, 2355143, 1059, 0, 0
1750, 22, 583, 763, 4, 0, 34.06%, 0, 0, 15, 985.85, 2360286, 1059, 0, 0
1755, 22, 32, 763, 4, 0, 34.06%, 0, 0, 15, 984.64, 2365289, 1059, 0, 0
1760, 22, 538, 763, 4, 0, 34.06%, 0, 0, 15, 963.19, 2370338, 1059, 0, 0
1765, 22, 600, 763, 4, 0, 34.06%, 0, 0, 15, 938.77, 2375055, 1059, 0, 0
1770, 22, 498, 763, 3, 0, 34.06%, 0, 0, 15, 813.63, 2379212, 1059, 0, 0
1776, 22, 294, 763, 3, 0, 34.06%, 0, 0, 15, 926.37, 2384423, 1059, 0, 0
1781, 22, 164, 763, 3, 0, 34.06%, 0, 0, 15, 949.89, 2389159, 1059, 0, 0
1786, 22, 430, 763, 2, 0, 34.06%, 0, 0, 15, 971.09, 2394076, 1059, 0, 0
1791, 22, 210, 763, 2, 0, 34.06%, 0, 0, 15, 974.89, 2399051, 1059, 0, 0
1796, 22, 582, 763, 2, 0, 34.06%, 0, 0, 15, 1015.59, 2404423, 1059, 0, 0
1801, 22, 50, 763, 2, 0, 34.06%, 0, 0, 15, 1010.66, 2409462, 1059, 0, 0
1801, 22, 13, 763, 2, 0, 34.06%, 0, 0, 15, 1027.95, 2410266, 1059, 0, 0
