# relative_time, cycles_done, cur_item, corpus_count, pending_total, pending_favs, map_size, saved_crashes, saved_hangs, max_depth, execs_per_sec, total_execs, edges_found, total_crashes, servers_count
60, 0, 6, 249, 244, 117, 30.62%, 0, 0, 2, 1114.06, 72990, 951, 0, 0
66, 0, 18, 258, 251, 116, 30.65%, 0, 0, 2, 1018.33, 78085, 952, 0, 0
71, 0, 13, 280, 269, 118, 30.81%, 0, 0, 2, 1073.40, 83780, 957, 0, 0
76, 0, 50, 289, 274, 115, 30.81%, 0, 0, 2, 1125.01, 89592, 957, 0, 0
81, 0, 21, 307, 286, 110, 31.07%, 0, 0, 3, 1088.60, 95011, 965, 0, 0
86, 0, 24, 325, 301, 109, 31.23%, 0, 0, 3, 1213.15, 101212, 970, 0, 0
91, 0, 24, 329, 305, 109, 31.29%, 0, 0, 3, 1259.15, 107543, 972, 0, 0
96, 0, 28, 331, 305, 115, 31.29%, 0, 0, 3, 1237.96, 113795, 972, 0, 0
101, 0, 30, 343, 315, 113, 31.65%, 0, 0, 3, 934.86, 118056, 983, 0, 0
106, 0, 30, 343, 315, 113, 31.65%, 0, 0, 3, 894.22, 122464, 983, 0, 0
111, 0, 30, 343, 315, 113, 31.65%, 0, 0, 3, 869.70, 126697, 983, 0, 0
116, 0, 30, 343, 315, 113, 31.65%, 0, 0, 3, 872.23, 131070, 983, 0, 0
121, 0, 31, 344, 315, 124, 31.68%, 0, 0, 3, 678.88, 134784, 984, 0, 0
126, 0, 31, 349, 320, 124, 31.68%, 0, 0, 3, 467.69, 136722, 984, 0, 0
131, 0, 31, 349, 320, 124, 31.68%, 0, 0, 3, 433.02, 138935, 984, 0, 0
137, 0, 31, 349, 320, 124, 31.68%, 0, 0, 3, 375.84, 140774, 984, 0, 0
142, 0, 31, 349, 320, 124, 31.68%, 0, 0, 3, 352.66, 142531, 984, 0, 0
147, 0, 31, 349, 320, 124, 31.68%, 0, 0, 3, 341.39, 144231, 984, 0, 0
152, 0, 31, 349, 320, 124, 31.68%, 0, 0, 3, 344.62, 146025, 984, 0, 0
157, 0, 31, 349, 320, 124, 31.68%, 0, 0, 3, 323.55, 147693, 984, 0, 0
162, 0, 31, 349, 320, 124, 31.68%, 0, 0, 3, 322.88, 149355, 984, 0, 0
167, 0, 31, 349, 320, 124, 31.68%, 0, 0, 3, 334.57, 151029, 984, 0, 0
172, 0, 31, 349, 320, 124, 31.68%, 0, 0, 3, 324.86, 152650, 984, 0, 0
177, 0, 31, 349, 320, 124, 31.68%, 0, 0, 3, 316.42, 154240, 984, 0, 0
183, 0, 31, 349, 320, 124, 31.68%, 0, 0, 3, 297.21, 155769, 984, 0, 0
188, 0, 31, 349, 320, 124, 31.68%, 0, 0, 3, 272.71, 157119, 984, 0, 0
193, 0, 31, 349, 320, 124, 31.68%, 0, 0, 3, 259.45, 158474, 984, 0, 0
198, 0, 31, 349, 320, 124, 31.68%, 0, 0, 3, 255.78, 159774, 984, 0, 0
203, 0, 31, 349, 320, 124, 31.68%, 0, 0, 3, 250.82, 161019, 984, 0, 0
208, 0, 31, 350, 321, 124, 31.75%, 0, 0, 3, 241.20, 162248, 986, 0, 0
213, 0, 31, 350, 321, 124, 31.75%, 0, 0, 3, 243.19, 163508, 986, 0, 0
218, 0, 31, 350, 321, 124, 31.75%, 0, 0, 3, 235.74, 164744, 986, 0, 0
223, 0, 31, 350, 321, 124, 31.75%, 0, 0, 3, 236.37, 165936, 986, 0, 0
228, 0, 31, 350, 321, 124, 31.75%, 0, 0, 3, 236.33, 167128, 986, 0, 0
234, 0, 31, 350, 321, 124, 31.75%, 0, 0, 3, 236.66, 168360, 986, 0, 0
239, 0, 31, 350, 321, 124, 31.75%, 0, 0, 3, 228.00, 169544, 986, 0, 0
244, 0, 33, 368, 337, 131, 32.00%, 0, 0, 3, 586.76, 173634, 994, 0, 0
249, 0, 34, 369, 337, 131, 32.00%, 0, 0, 3, 840.36, 178827, 994, 0, 0
255, 0, 38, 379, 344, 128, 32.00%, 0, 0, 3, 877.37, 182883, 994, 0, 0
260, 0, 38, 384, 349, 128, 32.00%, 0, 0, 3, 913.27, 187510, 994, 0, 0
265, 0, 38, 387, 352, 128, 32.00%, 0, 0, 3, 916.92, 192157, 994, 0, 0
270, 0, 43, 391, 354, 126, 32.07%, 0, 0, 3, 148.47, 197250, 996, 0, 0
275, 0, 43, 407, 370, 126, 32.10%, 0, 0, 3, 618.48, 201280, 997, 0, 0
280, 0, 43, 409, 372, 126, 32.10%, 0, 0, 3, 935.18, 206544, 997, 0, 0
286, 0, 46, 412, 374, 127, 32.16%, 0, 0, 3, 964.98, 211979, 999, 0, 0
291, 0, 48, 430, 391, 127, 32.23%, 0, 0, 3, 1162.82, 218163, 1001, 0, 0
296, 0, 48, 435, 396, 127, 32.23%, 0, 0, 3, 1168.53, 224086, 1001, 0, 0
301, 0, 54, 439, 397, 130, 32.52%, 0, 0, 3, 1144.19, 229851, 1010, 0, 0
306, 0, 54, 451, 409, 130, 32.65%, 0, 0, 3, 903.41, 233900, 1014, 0, 0
311, 0, 54, 456, 414, 130, 32.81%, 0, 0, 3, 822.06, 237859, 1019, 0, 0
316, 0, 54, 456, 414, 130, 32.81%, 0, 0, 3, 816.20, 241908, 1019, 0, 0
323, 0, 56, 456, 413, 134, 32.81%, 0, 0, 3, 815.61, 247993, 1019, 0, 0
328, 0, 333, 456, 407, 127, 32.81%, 0, 0, 3, 869.29, 252483, 1019, 0, 0
333, 0, 59, 474, 423, 125, 32.87%, 0, 0, 3, 985.84, 257539, 1021, 0, 0
338, 0, 59, 475, 424, 125, 32.87%, 0, 0, 3, 1020.35, 262871, 1021, 0, 0
343, 0, 66, 476, 424, 128, 32.87%, 0, 0, 3, 853.88, 267495, 1021, 0, 0
348, 0, 66, 489, 437, 128, 32.87%, 0, 0, 3, 708.00, 270981, 1021, 0, 0
353, 0, 66, 490, 438, 128, 32.87%, 0, 0, 3, 669.59, 274295, 1021, 0, 0
359, 0, 67, 502, 449, 128, 32.90%, 0, 0, 3, 760.90, 278427, 1022, 0, 0
364, 0, 203, 502, 400, 78, 32.90%, 0, 0, 3, 1097.21, 284568, 1022, 0, 0
369, 0, 342, 502, 397, 75, 32.90%, 0, 0, 3, 905.83, 288947, 1022, 0, 0
374, 0, 250, 502, 387, 65, 32.90%, 0, 0, 3, 997.28, 294948, 1022, 0, 0
380, 0, 353, 504, 372, 50, 32.97%, 0, 0, 3, 971.60, 300188, 1024, 0, 0
385, 0, 290, 509, 375, 48, 32.97%, 0, 0, 4, 780.44, 303223, 1024, 0, 0
390, 0, 290, 518, 384, 48, 33.00%, 0, 0, 4, 1108.06, 309367, 1025, 0, 0
395, 0, 306, 521, 386, 50, 33.00%, 0, 0, 4, 1184.51, 315677, 1025, 0, 0
402, 0, 331, 522, 375, 39, 33.00%, 0, 0, 4, 1024.74, 322314, 1025, 0, 0
407, 0, 334, 523, 372, 35, 33.00%, 0, 0, 5, 904.31, 326585, 1025, 0, 0
412, 0, 351, 523, 366, 29, 33.00%, 0, 0, 5, 893.37, 331084, 1025, 0, 0
417, 0, 354, 523, 362, 25, 33.00%, 0, 0, 5, 768.51, 334799, 1025, 0, 0
422, 0, 490, 523, 361, 24, 33.00%, 0, 0, 5, 850.75, 339467, 1025, 0, 0
427, 0, 356, 523, 358, 21, 33.00%, 0, 0, 5, 758.85, 343327, 1025, 0, 0
432, 0, 399, 523, 350, 13, 33.00%, 0, 0, 5, 875.24, 347569, 1025, 0, 0
437, 0, 427, 534, 359, 11, 33.00%, 0, 0, 5, 1158.90, 353731, 1025, 0, 0
442, 0, 427, 534, 359, 11, 33.00%, 0, 0, 5, 1183.28, 359850, 1025, 0, 0
447, 0, 442, 536, 358, 10, 33.00%, 0, 0, 5, 1063.28, 364807, 1025, 0, 0
452, 0, 535, 538, 352, 3, 33.03%, 0, 0, 5, 1014.29, 369845, 1026, 0, 0
457, 0, 452, 549, 357, 0, 33.58%, 0, 0, 5, 1010.53, 374909, 1043, 0, 0
462, 0, 452, 555, 363, 0, 33.90%, 0, 0, 5, 1071.10, 380383, 1053, 0, 0
467, 0, 452, 558, 366, 0, 33.93%, 0, 0, 5, 1075.65, 385843, 1054, 0, 0
473, 0, 253, 558, 362, 4, 33.93%, 0, 0, 5, 1097.75, 392468, 1054, 0, 0
478, 0, 415, 563, 357, 0, 33.93%, 0, 0, 5, 1147.85, 398201, 1054, 0, 0
483, 0, 451, 564, 354, 0, 33.93%, 0, 0, 5, 1110.47, 403852, 1054, 0, 0
488, 0, 63, 564, 349, 0, 33.93%, 0, 0, 5, 1058.16, 409081, 1054, 0, 0
493, 0, 60, 564, 343, 0, 33.93%, 0, 0, 5, 907.94, 413886, 1054, 0, 0
498, 0, 489, 564, 338, 0, 33.93%, 0, 0, 5, 924.65, 419025, 1054, 0, 0
503, 0, 135, 564, 330, 0, 33.93%, 0, 0, 5, 966.30, 423395, 1054, 0, 0
508, 0, 373, 565, 326, 0, 33.93%, 0, 0, 5, 824.31, 427456, 1054, 0, 0
513, 0, 476, 565, 322, 0, 33.93%, 0, 0, 5, 769.12, 431664, 1054, 0, 0
519, 0, 378, 566, 320, 0, 33.93%, 0, 0, 5, 802.64, 435394, 1054, 0, 0
524, 0, 344, 568, 318, 0, 33.93%, 0, 0, 5, 173.54, 439467, 1054, 0, 0
529, 0, 64, 568, 316, 0, 33.93%, 0, 0, 5, 1073.82, 442043, 1054, 0, 0
534, 0, 512, 573, 314, 0, 33.93%, 0, 0, 7, 1098.16, 447599, 1054, 0, 0
539, 0, 357, 574, 308, 0, 33.93%, 0, 0, 7, 1048.07, 452903, 1054, 0, 0
544, 0, 37, 575, 307, 0, 33.93%, 0, 0, 7, 970.77, 457351, 1054, 0, 0
549, 0, 435, 582, 310, 0, 34.03%, 0, 0, 7, 1070.62, 462715, 1057, 0, 0
554, 0, 435, 582, 310, 0, 34.03%, 0, 0, 7, 1074.84, 467902, 1057, 0, 0
559, 0, 490, 586, 302, 0, 34.03%, 0, 0, 7, 1134.73, 473684, 1057, 0, 0
566, 1, 348, 586, 299, 0, 34.03%, 0, 0, 7, 696.54, 477622, 1057, 0, 0
571, 1, 478, 586, 293, 0, 34.03%, 0, 0, 7, 727.37, 481807, 1057, 0, 0
576, 1, 347, 586, 287, 0, 34.03%, 0, 0, 7, 613.81, 485099, 1057, 0, 0
581, 1, 491, 587, 277, 0, 34.03%, 0, 0, 7, 838.68, 489521, 1057, 0, 0
586, 1, 487, 587, 276, 0, 34.03%, 0, 0, 7, 679.98, 492951, 1057, 0, 0
591, 1, 210, 588, 267, 0, 34.03%, 0, 0, 7, 950.59, 497604, 1057, 0, 0
596, 1, 488, 588, 262, 0, 34.03%, 0, 0, 7, 634.07, 500597, 1057, 0, 0
601, 1, 568, 588, 259, 0, 34.03%, 0, 0, 7, 859.38, 505086, 1057, 0, 0
606, 1, 480, 589, 256, 0, 34.03%, 0, 0, 7, 784.93, 509893, 1057, 0, 0
611, 1, 449, 590, 249, 0, 34.03%, 0, 0, 7, 948.00, 514578, 1057, 0, 0
617, 1, 446, 594, 247, 0, 34.03%, 0, 0, 7, 1121.29, 520411, 1057, 0, 0
623, 1, 57, 596, 238, 0, 34.03%, 0, 0, 7, 1166.14, 527983, 1057, 0, 0
628, 1, 14, 597, 233, 0, 34.03%, 0, 0, 7, 835.99, 532107, 1057, 0, 0
633, 1, 567, 601, 231, 0, 34.03%, 0, 0, 7, 1076.63, 537698, 1057, 0, 0
638, 1, 350, 602, 222, 0, 34.03%, 0, 0, 7, 918.82, 542655, 1057, 0, 0
643, 1, 477, 602, 218, 0, 34.03%, 0, 0, 7, 805.57, 545932, 1057, 0, 0
648, 1, 406, 602, 215, 0, 34.03%, 0, 0, 7, 656.24, 549038, 1057, 0, 0
654, 1, 369, 602, 207, 0, 34.03%, 0, 0, 7, 962.57, 554010, 1057, 0, 0
659, 1, 359, 602, 199, 0, 34.03%, 0, 0, 7, 1078.74, 559694, 1057, 0, 0
664, 1, 417, 602, 185, 0, 34.03%, 0, 0, 7, 1143.88, 565596, 1057, 0, 0
669, 1, 602, 605, 176, 0, 34.03%, 0, 0, 7, 1135.98, 571351, 1057, 0, 0
675, 1, 332, 606, 170, 0, 34.03%, 0, 0, 7, 1177.80, 579165, 1057, 0, 0
681, 1, 484, 606, 165, 0, 34.03%, 0, 0, 7, 814.29, 583273, 1057, 0, 0
686, 1, 261, 606, 160, 0, 34.03%, 0, 0, 7, 943.16, 587715, 1057, 0, 0
691, 1, 320, 608, 151, 0, 34.03%, 0, 0, 7, 1122.82, 593492, 1057, 0, 0
696, 1, 299, 608, 140, 0, 34.03%, 0, 0, 7, 1119.67, 599379, 1057, 0, 0
701, 1, 46, 612, 138, 0, 34.03%, 0, 0, 7, 1089.57, 605096, 1057, 0, 0
706, 1, 17, 613, 133, 0, 34.03%, 0, 0, 7, 1074.35, 610640, 1057, 0, 0
711, 1, 343, 613, 130, 0, 34.03%, 0, 0, 7, 947.09, 615410, 1057, 0, 0
716, 2, 36, 613, 124, 0, 34.03%, 0, 0, 7, 1057.38, 621124, 1057, 0, 0
721, 2, 570, 614, 115, 0, 34.03%, 0, 0, 7, 1082.83, 626660, 1057, 0, 0
726, 2, 132, 615, 110, 0, 34.03%, 0, 0, 7, 1055.87, 631930, 1057, 0, 0
731, 2, 605, 622, 113, 0, 34.06%, 0, 0, 7, 1034.16, 636821, 1058, 0, 0
736, 2, 605, 623, 114, 0, 34.06%, 0, 0, 7, 1165.18, 642912, 1058, 0, 0
741, 2, 85, 624, 112, 0, 34.06%, 0, 0, 7, 1137.64, 648730, 1058, 0, 0
747, 2, 11, 625, 106, 0, 34.06%, 0, 0, 7, 1060.58, 653547, 1058, 0, 0
752, 2, 14, 625, 103, 0, 34.06%, 0, 0, 7, 973.69, 658076, 1058, 0, 0
757, 2, 401, 625, 97, 0, 34.06%, 0, 0, 7, 1051.27, 663537, 1058, 0, 0
762, 2, 219, 625, 88, 0, 34.06%, 0, 0, 7, 1084.34, 669040, 1058, 0, 0
767, 2, 444, 626, 85, 0, 34.06%, 0, 0, 7, 1021.71, 674190, 1058, 0, 0
773, 2, 336, 627, 84, 0, 34.06%, 0, 0, 7, 1064.13, 681000, 1058, 0, 0
778, 2, 482, 627, 81, 0, 34.06%, 0, 0, 7, 1043.96, 686344, 1058, 0, 0
783, 2, 70, 627, 79, 0, 34.06%, 0, 0, 7, 1043.67, 691731, 1058, 0, 0
788, 2, 355, 629, 75, 0, 34.06%, 0, 0, 8, 953.27, 696301, 1058, 0, 0
794, 2, 537, 629, 73, 0, 34.06%, 0, 0, 8, 985.74, 701397, 1058, 0, 0
799, 2, 351, 629, 66, 0, 34.06%, 0, 0, 8, 1002.18, 706582, 1058, 0, 0
804, 2, 327, 631, 62, 0, 34.06%, 0, 0, 8, 1125.30, 712572, 1058, 0, 0
809, 2, 333, 631, 56, 0, 34.06%, 0, 0, 8, 1098.97, 718121, 1058, 0, 0
814, 3, 495, 631, 55, 0, 34.06%, 0, 0, 8, 1054.79, 723242, 1058, 0, 0
819, 3, 387, 631, 51, 0, 34.06%, 0, 0, 8, 1001.90, 727882, 1058, 0, 0
824, 3, 128, 631, 48, 0, 34.06%, 0, 0, 8, 1028.41, 733035, 1058, 0, 0
829, 3, 353, 631, 47, 0, 34.06%, 0, 0, 8, 1076.30, 738506, 1058, 0, 0
835, 3, 490, 632, 45, 0, 34.06%, 0, 0, 8, 1055.30, 743772, 1058, 0, 0
840, 3, 349, 632, 43, 0, 34.06%, 0, 0, 8, 1063.96, 748945, 1058, 0, 0
845, 3, 590, 633, 40, 0, 34.10%, 0, 0, 8, 1005.40, 754049, 1059, 0, 0
850, 3, 338, 634, 40, 0, 34.10%, 0, 0, 8, 996.67, 759122, 1059, 0, 0
855, 3, 589, 634, 37, 0, 34.10%, 0, 0, 8, 958.88, 763721, 1059, 0, 0
860, 3, 299, 636, 37, 0, 34.10%, 0, 0, 8, 1111.29, 769848, 1059, 0, 0
866, 3, 249, 636, 37, 0, 34.10%, 0, 0, 8, 1058.71, 776453, 1059, 0, 0
871, 3, 11, 636, 34, 0, 34.10%, 0, 0, 8, 1107.82, 782025, 1059, 0, 0
877, 3, 211, 637, 33, 0, 34.10%, 0, 0, 8, 1125.93, 787875, 1059, 0, 0
882, 3, 186, 638, 32, 0, 34.22%, 0, 0, 8, 1113.89, 793434, 1063, 0, 0
887, 4, 632, 639, 30, 0, 34.22%, 0, 0, 8, 1095.86, 798760, 1063, 0, 0
892, 4, 357, 639, 29, 0, 34.22%, 0, 0, 8, 1037.37, 803956, 1063, 0, 0
897, 4, 31, 640, 28, 0, 34.22%, 0, 0, 8, 952.40, 808421, 1063, 0, 0
902, 4, 334, 642, 29, 0, 34.22%, 0, 0, 8, 1014.54, 813421, 1063, 0, 0
907, 4, 471, 642, 28, 0, 34.22%, 0, 0, 8, 1093.75, 819060, 1063, 0, 0
912, 4, 259, 642, 26, 0, 34.22%, 0, 0, 8, 1095.58, 824579, 1063, 0, 0
917, 4, 448, 642, 23, 0, 34.22%, 0, 0, 8, 1099.45, 830227, 1063, 0, 0
922, 4, 336, 643, 24, 0, 34.22%, 0, 0, 8, 1114.23, 835520, 1063, 0, 0
928, 4, 233, 645, 23, 0, 34.26%, 0, 0, 8, 1110.62, 841267, 1064, 0, 0
933, 4, 638, 646, 22, 0, 34.35%, 0, 0, 8, 1053.90, 846645, 1067, 0, 0
938, 4, 453, 647, 21, 0, 34.35%, 0, 0, 8, 1062.07, 852579, 1067, 0, 0
943, 4, 152, 647, 19, 0, 34.35%, 0, 0, 8, 1127.42, 858375, 1067, 0, 0
948, 4, 509, 651, 22, 0, 34.39%, 0, 0, 8, 1153.87, 864175, 1068, 0, 0
954, 4, 496, 652, 21, 0, 34.39%, 0, 0, 8, 1126.23, 869920, 1068, 0, 0
959, 4, 334, 653, 20, 0, 34.39%, 0, 0, 8, 1120.50, 875810, 1068, 0, 0
964, 5, 455, 653, 20, 0, 34.39%, 0, 0, 8, 1127.91, 881740, 1068, 0, 0
969, 5, 79, 654, 21, 0, 34.39%, 0, 0, 8, 1127.59, 887512, 1068, 0, 0
974, 5, 642, 656, 20, 0, 34.39%, 0, 0, 8, 1063.52, 893091, 1068, 0, 0
979, 5, 259, 656, 18, 0, 34.39%, 0, 0, 8, 1097.58, 898495, 1068, 0, 0
984, 5, 227, 658, 19, 0, 34.39%, 0, 0, 8, 1010.68, 903429, 1068, 0, 0
989, 5, 351, 658, 19, 0, 34.39%, 0, 0, 8, 998.09, 908327, 1068, 0, 0
994, 5, 235, 658, 16, 0, 34.39%, 0, 0, 8, 1045.02, 913473, 1068, 0, 0
999, 5, 545, 658, 15, 0, 34.39%, 0, 0, 8, 1037.86, 918801, 1068, 0, 0
1004, 5, 562, 658, 14, 0, 34.39%, 0, 0, 8, 1089.56, 924267, 1068, 0, 0
1010, 5, 470, 660, 16, 0, 34.39%, 0, 0, 8, 1029.15, 928199, 1068, 0, 0
1015, 5, 608, 663, 19, 0, 34.39%, 0, 0, 8, 1110.35, 933907, 1068, 0, 0
1020, 5, 660, 667, 23, 0, 34.42%, 0, 0, 8, 1162.46, 939811, 1069, 0, 0
1025, 5, 660, 668, 24, 0, 34.42%, 0, 0, 8, 1175.49, 945752, 1069, 0, 0
1030, 5, 666, 674, 28, 1, 34.45%, 0, 0, 8, 1172.58, 951626, 1070, 0, 0
1035, 5, 666, 675, 29, 1, 34.45%, 0, 0, 8, 1186.81, 957659, 1070, 0, 0
1040, 5, 342, 677, 28, 0, 34.45%, 0, 0, 8, 1154.65, 963587, 1070, 0, 0
1045, 5, 355, 678, 28, 0, 34.45%, 0, 0, 8, 816.64, 966309, 1070, 0, 0
1050, 5, 286, 679, 28, 0, 34.45%, 0, 0, 8, 999.11, 971844, 1070, 0, 0
1055, 5, 674, 688, 36, 0, 34.51%, 0, 0, 8, 1168.90, 978092, 1072, 0, 0
1060, 5, 674, 689, 37, 0, 34.51%, 0, 0, 8, 1205.09, 984333, 1072, 0, 0
1065, 5, 583, 698, 42, 0, 34.51%, 0, 0, 10, 1215.49, 990471, 1072, 0, 0
1071, 5, 165, 699, 41, 0, 34.51%, 0, 0, 10, 1148.07, 996092, 1072, 0, 0
1076, 5, 670, 701, 39, 0, 34.51%, 0, 0, 10, 1147.49, 1002097, 1072, 0, 0
1081, 6, 339, 701, 37, 0, 34.51%, 0, 0, 10, 1100.18, 1007710, 1072, 0, 0
1086, 6, 19, 702, 36, 0, 34.51%, 0, 0, 10, 1061.30, 1013148, 1072, 0, 0
1091, 6, 126, 704, 37, 0, 34.51%, 0, 0, 10, 1113.67, 1018910, 1072, 0, 0
1096, 6, 357, 705, 37, 0, 34.51%, 0, 0, 10, 1122.75, 1024568, 1072, 0, 0
1101, 6, 677, 705, 35, 0, 34.51%, 0, 0, 10, 783.07, 1028730, 1072, 0, 0
1107, 6, 556, 706, 32, 0, 34.51%, 0, 0, 10, 1023.86, 1034608, 1072, 0, 0
1112, 6, 357, 707, 31, 0, 34.51%, 0, 0, 10, 1060.02, 1040006, 1072, 0, 0
1117, 6, 276, 707, 30, 0, 34.51%, 0, 0, 10, 1122.09, 1045732, 1072, 0, 0
1122, 6, 588, 707, 29, 0, 34.51%, 0, 0, 10, 1022.11, 1050963, 1072, 0, 0
1127, 6, 709, 710, 28, 0, 34.51%, 0, 0, 10, 1126.56, 1057065, 1072, 0, 0
1132, 6, 355, 710, 27, 0, 34.51%, 0, 0, 10, 1132.39, 1062810, 1072, 0, 0
1138, 6, 14, 710, 25, 0, 34.51%, 0, 0, 10, 1117.46, 1069494, 1072, 0, 0
1143, 6, 629, 711, 23, 0, 34.55%, 0, 0, 10, 1143.36, 1075321, 1073, 0, 0
1148, 6, 711, 712, 23, 1, 34.55%, 0, 0, 10, 1100.84, 1080787, 1073, 0, 0
1153, 6, 7, 713, 22, 0, 34.55%, 0, 0, 10, 985.25, 1085795, 1073, 0, 0
1158, 6, 354, 713, 21, 0, 34.55%, 0, 0, 10, 1012.24, 1090635, 1073, 0, 0
1163, 7, 569, 715, 19, 0, 34.55%, 0, 0, 10, 1162.68, 1096628, 1073, 0, 0
1168, 7, 684, 715, 19, 0, 34.55%, 0, 0, 10, 1128.02, 1102217, 1073, 0, 0
1174, 7, 710, 727, 30, 0, 34.55%, 0, 0, 11, 1211.91, 1108549, 1073, 0, 0
1179, 7, 46, 727, 29, 0, 34.55%, 0, 0, 11, 1207.08, 1114599, 1073, 0, 0
1184, 7, 674, 728, 29, 0, 34.55%, 0, 0, 12, 1150.86, 1120325, 1073, 0, 0
1189, 7, 113, 729, 27, 0, 34.55%, 0, 0, 12, 1171.54, 1126288, 1073, 0, 0
1194, 7, 354, 729, 25, 0, 34.55%, 0, 0, 12, 1190.80, 1132459, 1073, 0, 0
1199, 7, 353, 729, 20, 0, 34.55%, 0, 0, 12, 1150.37, 1138328, 1073, 0, 0
1204, 7, 57, 729, 18, 0, 34.55%, 0, 0, 12, 1131.73, 1144051, 1073, 0, 0
1209, 7, 728, 729, 17, 0, 34.55%, 0, 0, 12, 1114.12, 1149657, 1073, 0, 0
1214, 7, 729, 730, 15, 0, 34.55%, 0, 0, 12, 1202.62, 1155818, 1073, 0, 0
1219, 7, 468, 730, 13, 0, 34.55%, 0, 0, 12, 1051.14, 1160407, 1073, 0, 0
1224, 7, 357, 730, 13, 0, 34.55%, 0, 0, 12, 1123.30, 1166311, 1073, 0, 0
1230, 7, 668, 731, 12, 0, 34.58%, 0, 0, 12, 1109.67, 1172075, 1074, 0, 0
1235, 7, 349, 731, 11, 0, 34.58%, 0, 0, 12, 1021.27, 1177328, 1074, 0, 0
1240, 7, 410, 733, 13, 0, 34.58%, 0, 0, 12, 1100.46, 1183240, 1074, 0, 0
1245, 7, 351, 733, 12, 0, 34.58%, 0, 0, 12, 1101.71, 1188894, 1074, 0, 0
1250, 7, 448, 733, 11, 0, 34.58%, 0, 0, 12, 1102.16, 1194710, 1074, 0, 0
1255, 8, 335, 733, 11, 0, 34.58%, 0, 0, 12, 1101.18, 1200171, 1074, 0, 0
1261, 8, 114, 733, 11, 0, 34.58%, 0, 0, 12, 1060.75, 1205460, 1074, 0, 0
1266, 8, 707, 733, 10, 0, 34.58%, 0, 0, 12, 1135.75, 1211226, 1074, 0, 0
1271, 8, 341, 733, 9, 0, 34.58%, 0, 0, 12, 1107.94, 1216802, 1074, 0, 0
1276, 8, 356, 733, 7, 0, 34.58%, 0, 0, 12, 1146.48, 1222698, 1074, 0, 0
1281, 8, 211, 733, 7, 0, 34.58%, 0, 0, 12, 1160.27, 1228506, 1074, 0, 0
1286, 8, 332, 733, 7, 0, 34.58%, 0, 0, 12, 1101.24, 1234042, 1074, 0, 0
1291, 8, 637, 733, 7, 0, 34.58%, 0, 0, 12, 1127.74, 1239676, 1074, 0, 0
1296, 8, 588, 733, 7, 0, 34.58%, 0, 0, 12, 1101.82, 1245284, 1074, 0, 0
1301, 8, 259, 733, 7, 0, 34.58%, 0, 0, 12, 1117.31, 1250932, 1074, 0, 0
1306, 8, 356, 734, 7, 0, 34.58%, 0, 0, 12, 1126.44, 1256551, 1074, 0, 0
1311, 8, 136, 734, 7, 0, 34.58%, 0, 0, 12, 1094.38, 1262109, 1074, 0, 0
1316, 8, 184, 734, 6, 0, 34.58%, 0, 0, 12, 1065.88, 1267402, 1074, 0, 0
1321, 8, 258, 734, 6, 0, 34.58%, 0, 0, 12, 1064.25, 1272827, 1074, 0, 0
1326, 8, 712, 736, 8, 0, 34.58%, 0, 0, 12, 989.86, 1277870, 1074, 0, 0
1331, 9, 199, 737, 7, 0, 34.58%, 0, 0, 12, 1070.73, 1283310, 1074, 0, 0
1337, 9, 357, 737, 6, 0, 34.58%, 0, 0, 12, 1065.63, 1288925, 1074, 0, 0
1342, 9, 235, 737, 6, 0, 34.58%, 0, 0, 12, 1076.13, 1294301, 1074, 0, 0
1347, 9, 356, 737, 6, 0, 34.58%, 0, 0, 12, 1107.58, 1300169, 1074, 0, 0
1352, 9, 268, 737, 5, 0, 34.58%, 0, 0, 12, 1094.56, 1305526, 1074, 0, 0
1357, 9, 352, 737, 5, 0, 34.58%, 0, 0, 12, 1091.62, 1311308, 1074, 0, 0
1362, 9, 393, 737, 4, 0, 34.58%, 0, 0, 12, 1102.90, 1316790, 1074, 0, 0
1367, 9, 437, 737, 4, 0, 34.58%, 0, 0, 12, 1099.19, 1322404, 1074, 0, 0
1373, 9, 562, 738, 4, 0, 34.58%, 0, 0, 12, 1125.25, 1328345, 1074, 0, 0
1378, 9, 261, 738, 4, 0, 34.58%, 0, 0, 12, 1090.09, 1333788, 1074, 0, 0
1383, 9, 739, 742, 7, 1, 34.58%, 0, 0, 12, 1160.18, 1339760, 1074, 0, 0
1388, 9, 153, 746, 10, 0, 34.58%, 0, 0, 12, 1030.51, 1344755, 1074, 0, 0
1393, 9, 745, 748, 12, 0, 34.58%, 0, 0, 12, 1102.85, 1350301, 1074, 0, 0
1398, 9, 746, 748, 10, 0, 34.58%, 0, 0, 12, 1099.11, 1355897, 1074, 0, 0
1403, 9, 328, 748, 8, 0, 34.58%, 0, 0, 12, 1131.98, 1361777, 1074, 0, 0
1408, 9, 701, 748, 8, 0, 34.58%, 0, 0, 12, 1126.52, 1367420, 1074, 0, 0
1413, 9, 31, 749, 8, 0, 34.64%, 0, 0, 12, 1087.54, 1372584, 1076, 0, 0
1418, 10, 546, 749, 7, 0, 34.64%, 0, 0, 12, 1127.38, 1378437, 1076, 0, 0
1423, 10, 570, 749, 7, 0, 34.64%, 0, 0, 12, 1052.40, 1383709, 1076, 0, 0
1428, 10, 545, 749, 7, 0, 34.64%, 0, 0, 12, 1101.68, 1389245, 1076, 0, 0
1433, 10, 211, 750, 7, 0, 34.64%, 0, 0, 12, 1119.42, 1394885, 1076, 0, 0
1439, 10, 639, 750, 7, 0, 34.64%, 0, 0, 12, 1119.91, 1400709, 1076, 0, 0
1444, 10, 27, 750, 7, 0, 34.64%, 0, 0, 12, 1109.73, 1406309, 1076, 0, 0
1449, 10, 139, 750, 7, 0, 34.64%, 0, 0, 12, 1081.42, 1411767, 1076, 0, 0
1454, 10, 740, 756, 13, 0, 34.64%, 0, 0, 12, 1224.99, 1417958, 1076, 0, 0
1459, 10, 740, 756, 13, 0, 34.64%, 0, 0, 12, 1268.54, 1424384, 1076, 0, 0
1464, 10, 759, 760, 14, 0, 34.64%, 0, 0, 12, 1236.86, 1430640, 1076, 0, 0
1469, 10, 611, 761, 11, 0, 34.64%, 0, 0, 12, 1173.61, 1436576, 1076, 0, 0
1474, 10, 173, 761, 11, 0, 34.64%, 0, 0, 12, 1142.68, 1442333, 1076, 0, 0
1479, 10, 411, 761, 10, 0, 34.64%, 0, 0, 12, 1122.81, 1447718, 1076, 0, 0
1484, 10, 429, 761, 10, 0, 34.64%, 0, 0, 12, 1131.95, 1453540, 1076, 0, 0
1489, 10, 357, 762, 9, 0, 34.64%, 0, 0, 12, 1109.21, 1459163, 1076, 0, 0
1494, 10, 404, 762, 8, 0, 34.64%, 0, 0, 12, 1073.61, 1464543, 1076, 0, 0
1499, 10, 495, 762, 7, 0, 34.64%, 0, 0, 12, 1102.04, 1470400, 1076, 0, 0
1504, 10, 490, 762, 6, 0, 34.64%, 0, 0, 12, 1063.67, 1475689, 1076, 0, 0
1510, 11, 756, 763, 6, 0, 34.64%, 0, 0, 12, 1086.85, 1481973, 1076, 0, 0
1515, 11, 724, 766, 8, 0, 34.64%, 0, 0, 12, 1161.47, 1487907, 1076, 0, 0
1520, 11, 765, 768, 9, 0, 34.64%, 0, 0, 12, 1179.47, 1493835, 1076, 0, 0
1525, 11, 14, 768, 7, 0, 34.64%, 0, 0, 12, 1169.94, 1499931, 1076, 0, 0
1531, 11, 250, 769, 7, 0, 34.64%, 0, 0, 12, 1133.13, 1505724, 1076, 0, 0
1536, 11, 636, 769, 6, 0, 34.64%, 0, 0, 12, 1121.05, 1511503, 1076, 0, 0
1541, 11, 620, 769, 5, 0, 34.64%, 0, 0, 12, 1114.29, 1516611, 1076, 0, 0
1546, 11, 692, 770, 6, 0, 34.64%, 0, 0, 12, 1132.59, 1522178, 1076, 0, 0
1551, 11, 138, 771, 6, 0, 34.64%, 0, 0, 12, 1121.45, 1527720, 1076, 0, 0
1556, 11, 770, 772, 6, 0, 34.67%, 0, 0, 12, 1107.10, 1533210, 1077, 0, 0
1561, 11, 152, 772, 5, 0, 34.67%, 0, 0, 12, 1106.76, 1538983, 1077, 0, 0
1566, 11, 724, 773, 5, 0, 34.67%, 0, 0, 12, 1058.87, 1544260, 1077, 0, 0
1571, 11, 250, 773, 3, 0, 34.67%, 0, 0, 12, 1079.57, 1549712, 1077, 0, 0
1576, 11, 223, 773, 3, 0, 34.67%, 0, 0, 12, 1093.18, 1555187, 1077, 0, 0
1581, 11, 68, 773, 3, 0, 34.67%, 0, 0, 12, 1066.73, 1560883, 1077, 0, 0
1586, 11, 748, 773, 3, 0, 34.67%, 0, 0, 12, 1004.64, 1565940, 1077, 0, 0
1592, 11, 545, 773, 2, 0, 34.67%, 0, 0, 12, 1130.19, 1571937, 1077, 0, 0
1597, 12, 596, 773, 2, 0, 34.67%, 0, 0, 12, 1127.92, 1577760, 1077, 0, 0
1602, 12, 27, 773, 2, 0, 34.67%, 0, 0, 12, 1103.54, 1583342, 1077, 0, 0
1607, 12, 632, 773, 2, 0, 34.67%, 0, 0, 12, 1063.08, 1588902, 1077, 0, 0
1612, 12, 644, 773, 1, 0, 34.67%, 0, 0, 12, 1126.62, 1594653, 1077, 0, 0
1617, 12, 620, 773, 1, 0, 34.67%, 0, 0, 12, 1098.13, 1600151, 1077, 0, 0
1622, 12, 570, 773, 1, 0, 34.67%, 0, 0, 12, 1096.58, 1605834, 1077, 0, 0
1627, 12, 48, 773, 1, 0, 34.67%, 0, 0, 12, 1099.83, 1611038, 1077, 0, 0
1632, 12, 69, 773, 1, 0, 34.67%, 0, 0, 12, 1150.17, 1616921, 1077, 0, 0
1637, 12, 655, 773, 1, 0, 34.67%, 0, 0, 12, 1114.96, 1622522, 1077, 0, 0
1642, 12, 165, 774, 2, 0, 34.67%, 0, 0, 12, 1110.77, 1628157, 1077, 0, 0
1648, 12, 713, 774, 2, 0, 34.67%, 0, 0, 12, 1079.62, 1632621, 1077, 0, 0
1653, 12, 349, 774, 1, 0, 34.67%, 0, 0, 12, 1061.54, 1638181, 1077, 0, 0
1658, 12, 7, 775, 2, 0, 34.67%, 0, 0, 12, 1024.24, 1643521, 1077, 0, 0
1663, 12, 126, 775, 2, 0, 34.67%, 0, 0, 12, 1116.79, 1649413, 1077, 0, 0
1669, 12, 598, 775, 1, 0, 34.67%, 0, 0, 12, 1090.28, 1656202, 1077, 0, 0
1674, 12, 46, 775, 1, 0, 34.67%, 0, 0, 12, 1112.61, 1661827, 1077, 0, 0
1679, 13, 184, 775, 1, 0, 34.67%, 0, 0, 12, 1079.97, 1667062, 1077, 0, 0
1684, 13, 416, 775, 1, 0, 34.67%, 0, 0, 12, 1080.85, 1672637, 1077, 0, 0
1689, 13, 165, 775, 1, 0, 34.67%, 0, 0, 12, 1121.77, 1678451, 1077, 0, 0
1694, 13, 353, 775, 0, 0, 34.67%, 0, 0, 12, 1133.88, 1684241, 1077, 0, 0
1700, 13, 585, 775, 0, 0, 34.67%, 0, 0, 12, 1106.38, 1689822, 1077, 0, 0
1705, 13, 223, 775, 0, 0, 34.67%, 0, 0, 12, 1133.80, 1695582, 1077, 0, 0
1710, 13, 518, 775, 0, 0, 34.67%, 0, 0, 12, 1109.16, 1701314, 1077, 0, 0
1715, 13, 632, 776, 0, 0, 34.71%, 0, 0, 12, 1121.49, 1707044, 1078, 0, 0
1720, 13, 545, 776, 0, 0, 34.71%, 0, 0, 12, 1126.23, 1712286, 1078, 0, 0
1725, 13, 639, 776, 0, 0, 34.71%, 0, 0, 12, 908.34, 1716842, 1078, 0, 0
1730, 13, 639, 776, 0, 0, 34.71%, 0, 0, 12, 848.27, 1721121, 1078, 0, 0
1735, 13, 436, 776, 0, 0, 34.71%, 0, 0, 12, 1036.31, 1726309, 1078, 0, 0
1740, 13, 165, 776, 0, 0, 34.71%, 0, 0, 12, 1095.78, 1731738, 1078, 0, 0
1745, 13, 554, 776, 0, 0, 34.71%, 0, 0, 12, 1095.63, 1737311, 1078, 0, 0
1750, 13, 20, 776, 0, 0, 34.71%, 0, 0, 12, 1084.03, 1742736, 1078, 0, 0
1755, 13, 500, 776, 0, 0, 34.71%, 0, 0, 12, 1109.35, 1748340, 1078, 0, 0
1761, 13, 124, 776, 0, 0, 34.71%, 0, 0, 12, 1109.59, 1754099, 1078, 0, 0
1766, 13, 739, 779, 3, 0, 34.71%, 0, 0, 12, 1125.07, 1760080, 1078, 0, 0
1771, 14, 324, 779, 1, 0, 34.71%, 0, 0, 12, 1076.48, 1765531, 1078, 0, 0
1776, 14, 707, 780, 1, 0, 34.71%, 0, 0, 12, 1168.39, 1771579, 1078, 0, 0
1781, 14, 490, 781, 1, 0, 34.71%, 0, 0, 12, 1113.92, 1777312, 1078, 0, 0
1786, 14, 221, 781, 1, 0, 34.71%, 0, 0, 12, 1126.98, 1783083, 1078, 0, 0
1791, 14, 611, 781, 1, 0, 34.71%, 0, 0, 12, 1127.80, 1788782, 1078, 0, 0
1796, 14, 668, 781, 1, 0, 34.71%, 0, 0, 12, 1147.35, 1794551, 1078, 0, 0
1801, 14, 50, 781, 1, 0, 34.71%, 0, 0, 12, 1148.85, 1800321, 1078, 0, 0
1807, 14, 589, 782, 2, 0, 34.71%, 0, 0, 12, 1134.91, 1806069, 1078, 0, 0
1812, 14, 260, 782, 1, 0, 34.71%, 0, 0, 12, 1109.12, 1811931, 1078, 0, 0
1817, 14, 211, 782, 1, 0, 34.71%, 0, 0, 12, 1136.10, 1817669, 1078, 0, 0
1822, 14, 141, 783, 1, 0, 34.71%, 0, 0, 12, 1167.45, 1823553, 1078, 0, 0
1827, 14, 206, 784, 2, 0, 34.71%, 0, 0, 12, 1153.34, 1828353, 1078, 0, 0
1832, 14, 7, 785, 3, 0, 34.71%, 0, 0, 12, 1128.13, 1833933, 1078, 0, 0
1837, 14, 138, 785, 3, 0, 34.71%, 0, 0, 12, 1176.85, 1839832, 1078, 0, 0
1843, 14, 676, 785, 3, 0, 34.71%, 0, 0, 12, 1154.28, 1845980, 1078, 0, 0
1848, 14, 783, 785, 3, 0, 34.71%, 0, 0, 12, 1154.52, 1851693, 1078, 0, 0
1853, 15, 230, 785, 2, 0, 34.71%, 0, 0, 12, 1110.73, 1857563, 1078, 0, 0
1858, 15, 355, 785, 2, 0, 34.71%, 0, 0, 12, 1132.26, 1863473, 1078, 0, 0
1863, 15, 546, 785, 2, 0, 34.71%, 0, 0, 12, 1129.10, 1869123, 1078, 0, 0
1868, 15, 74, 786, 3, 0, 34.71%, 0, 0, 12, 1090.05, 1874971, 1078, 0, 0
1874, 15, 785, 786, 3, 0, 34.71%, 0, 0, 12, 1079.78, 1880619, 1078, 0, 0
1879, 15, 411, 786, 2, 0, 34.71%, 0, 0, 12, 1156.61, 1886646, 1078, 0, 0
1884, 15, 349, 787, 2, 0, 34.71%, 0, 0, 12, 1141.57, 1892398, 1078, 0, 0
1889, 15, 778, 787, 2, 0, 34.71%, 0, 0, 12, 1106.99, 1898103, 1078, 0, 0
1894, 15, 589, 787, 2, 0, 34.71%, 0, 0, 12, 1123.98, 1903855, 1078, 0, 0
1899, 15, 351, 787, 2, 0, 34.71%, 0, 0, 12, 1108.70, 1909493, 1078, 0, 0
1904, 15, 116, 787, 2, 0, 34.71%, 0, 0, 12, 1093.64, 1915196, 1078, 0, 0
1909, 15, 429, 787, 2, 0, 34.71%, 0, 0, 12, 1094.92, 1920580, 1078, 0, 0
1914, 15, 136, 787, 2, 0, 34.71%, 0, 0, 12, 1075.81, 1926127, 1078, 0, 0
1920, 15, 198, 787, 2, 0, 34.71%, 0, 0, 12, 1127.91, 1931850, 1078, 0, 0
1925, 15, 437, 787, 2, 0, 34.71%, 0, 0, 12, 1085.03, 1937339, 1078, 0, 0
1930, 15, 299, 787, 2, 0, 34.71%, 0, 0, 12, 1030.35, 1942647, 1078, 0, 0
1935, 15, 739, 787, 2, 0, 34.71%, 0, 0, 12, 1117.67, 1948540, 1078, 0, 0
1940, 16, 585, 787, 2, 0, 34.71%, 0, 0, 12, 1144.12, 1954545, 1078, 0, 0
1945, 16, 786, 788, 2, 0, 34.71%, 0, 0, 12, 1156.06, 1960453, 1078, 0, 0
1950, 16, 678, 788, 1, 0, 34.71%, 0, 0, 12, 1156.50, 1966226, 1078, 0, 0
1955, 16, 351, 788, 1, 0, 34.71%, 0, 0, 12, 1096.12, 1971742, 1078, 0, 0
1960, 16, 355, 788, 1, 0, 34.71%, 0, 0, 12, 1088.35, 1977271, 1078, 0, 0
1966, 16, 498, 788, 1, 0, 34.71%, 0, 0, 12, 1117.75, 1984134, 1078, 0, 0
1971, 16, 490, 788, 1, 0, 34.71%, 0, 0, 12, 1109.77, 1989694, 1078, 0, 0
1976, 16, 145, 788, 1, 0, 34.71%, 0, 0, 12, 1156.12, 1995653, 1078, 0, 0
1982, 16, 778, 788, 1, 0, 34.71%, 0, 0, 12, 1152.35, 2001592, 1078, 0, 0
1987, 16, 358, 788, 1, 0, 34.71%, 0, 0, 12, 1114.25, 2007296, 1078, 0, 0
1992, 16, 772, 788, 1, 0, 34.71%, 0, 0, 12, 1142.06, 2013171, 1078, 0, 0
1997, 16, 462, 789, 2, 0, 34.71%, 0, 0, 12, 1138.18, 2018900, 1078, 0, 0
2002, 16, 789, 790, 2, 0, 34.71%, 0, 0, 12, 1170.82, 2025075, 1078, 0, 0
2007, 16, 772, 790, 1, 0, 34.71%, 0, 0, 12, 1170.20, 2031213, 1078, 0, 0
2013, 16, 149, 790, 1, 0, 34.71%, 0, 0, 12, 1123.28, 2036856, 1078, 0, 0
2018, 16, 784, 791, 1, 0, 34.71%, 0, 0, 12, 1139.50, 2042952, 1078, 0, 0
2023, 17, 206, 791, 0, 0, 34.71%, 0, 0, 12, 1119.01, 2048095, 1078, 0, 0
2028, 17, 312, 791, 0, 0, 34.71%, 0, 0, 12, 1123.57, 2053865, 1078, 0, 0
2033, 17, 553, 791, 0, 0, 34.71%, 0, 0, 12, 1146.25, 2059668, 1078, 0, 0
2038, 17, 215, 792, 1, 0, 34.71%, 0, 0, 12, 1166.27, 2065599, 1078, 0, 0
2043, 17, 183, 792, 1, 0, 34.71%, 0, 0, 12, 1133.45, 2070327, 1078, 0, 0
2048, 17, 585, 792, 1, 0, 34.71%, 0, 0, 12, 1083.17, 2075841, 1078, 0, 0
2053, 17, 724, 792, 1, 0, 34.71%, 0, 0, 12, 1118.81, 2081578, 1078, 0, 0
2058, 17, 620, 793, 1, 0, 34.71%, 0, 0, 12, 1131.98, 2087352, 1078, 0, 0
2063, 17, 778, 793, 1, 0, 34.71%, 0, 0, 12, 1127.24, 2092918, 1078, 0, 0
2068, 17, 585, 793, 1, 0, 34.71%, 0, 0, 12, 1091.44, 2098386, 1078, 0, 0
2073, 17, 542, 793, 1, 0, 34.71%, 0, 0, 12, 1092.89, 2103977, 1078, 0, 0
2079, 17, 352, 793, 1, 0, 34.71%, 0, 0, 12, 1088.60, 2109622, 1078, 0, 0
2084, 17, 760, 793, 1, 0, 34.71%, 0, 0, 12, 1125.55, 2115521, 1078, 0, 0
2089, 17, 349, 793, 1, 0, 34.71%, 0, 0, 12, 1066.09, 2120441, 1078, 0, 0
2094, 17, 790, 793, 1, 0, 34.71%, 0, 0, 12, 1130.26, 2126118, 1078, 0, 0
2099, 17, 34, 794, 1, 0, 34.71%, 0, 0, 12, 1171.54, 2132103, 1078, 0, 0
2104, 17, 793, 796, 3, 0, 34.74%, 0, 0, 12, 1172.43, 2137962, 1079, 0, 0
2109, 17, 793, 798, 5, 0, 34.74%, 0, 0, 12, 1139.75, 2143631, 1079, 0, 0
2114, 17, 778, 798, 3, 0, 34.74%, 0, 0, 12, 1168.05, 2149579, 1079, 0, 0
2119, 17, 484, 798, 3, 0, 34.74%, 0, 0, 12, 1119.38, 2155317, 1079, 0, 0
2124, 18, 692, 798, 3, 0, 34.74%, 0, 0, 12, 1158.69, 2161271, 1079, 0, 0
2130, 18, 312, 798, 2, 0, 34.74%, 0, 0, 12, 1148.13, 2167274, 1079, 0, 0
2135, 18, 796, 798, 2, 0, 34.74%, 0, 0, 12, 1136.14, 2173883, 1079, 0, 0
2141, 18, 796, 805, 9, 0, 34.74%, 0, 0, 12, 1117.16, 2179675, 1079, 0, 0
2146, 18, 798, 805, 8, 0, 34.74%, 0, 0, 12, 1091.22, 2185198, 1079, 0, 0
2151, 18, 355, 806, 7, 0, 34.74%, 0, 0, 12, 1080.42, 2190573, 1079, 0, 0
2156, 18, 632, 806, 6, 0, 34.74%, 0, 0, 12, 1114.59, 2196343, 1079, 0, 0
2161, 18, 670, 806, 5, 0, 34.74%, 0, 0, 12, 1075.72, 2202260, 1079, 0, 0
2168, 18, 634, 806, 5, 0, 34.74%, 0, 0, 12, 1050.90, 2209087, 1079, 0, 0
2174, 18, 490, 807, 6, 0, 34.74%, 0, 0, 12, 1048.46, 2214589, 1079, 0, 0
2179, 18, 106, 807, 6, 0, 34.74%, 0, 0, 12, 1119.36, 2220363, 1079, 0, 0
2184, 18, 806, 807, 6, 0, 34.74%, 0, 0, 12, 1096.42, 2225943, 1079, 0, 0
2190, 18, 805, 807, 4, 0, 34.74%, 0, 0, 12, 1076.79, 2232653, 1079, 0, 0
2195, 18, 197, 807, 3, 0, 34.74%, 0, 0, 12, 1137.33, 2238547, 1079, 0, 0
2200, 18, 32, 807, 2, 0, 34.74%, 0, 0, 12, 1120.42, 2244248, 1079, 0, 0
2205, 18, 33, 808, 3, 0, 34.74%, 0, 0, 12, 1088.12, 2249696, 1079, 0, 0
2210, 18, 804, 809, 4, 0, 34.74%, 0, 0, 12, 1104.67, 2255371, 1079, 0, 0
2215, 18, 233, 809, 3, 0, 34.74%, 0, 0, 12, 1127.64, 2261212, 1079, 0, 0
2221, 18, 792, 809, 3, 0, 34.74%, 0, 0, 12, 1097.97, 2267168, 1079, 0, 0
2226, 18, 808, 809, 2, 0, 34.74%, 0, 0, 12, 1070.35, 2272588, 1079, 0, 0
2231, 18, 757, 809, 1, 0, 34.74%, 0, 0, 12, 1131.63, 2278501, 1079, 0, 0
2236, 18, 124, 809, 1, 0, 34.74%, 0, 0, 12, 1153.46, 2284291, 1079, 0, 0
2241, 19, 692, 810, 2, 0, 34.74%, 0, 0, 12, 1158.66, 2290293, 1079, 0, 0
2246, 19, 223, 810, 2, 0, 34.74%, 0, 0, 12, 1138.66, 2295895, 1079, 0, 0
2252, 19, 800, 810, 2, 0, 34.74%, 0, 0, 12, 1152.30, 2301906, 1079, 0, 0
2257, 19, 758, 810, 0, 0, 34.74%, 0, 0, 12, 1192.32, 2307876, 1079, 0, 0
2262, 19, 790, 810, 0, 0, 34.74%, 0, 0, 12, 1128.79, 2313423, 1079, 0, 0
2267, 19, 579, 810, 0, 0, 34.74%, 0, 0, 12, 1178.04, 2319409, 1079, 0, 0
2272, 19, 536, 810, 0, 0, 34.74%, 0, 0, 12, 1137.37, 2325210, 1079, 0, 0
2277, 19, 138, 811, 1, 0, 34.74%, 0, 0, 12, 1102.47, 2330690, 1079, 0, 0
2282, 19, 223, 811, 0, 0, 34.74%, 0, 0, 12, 1068.82, 2335702, 1079, 0, 0
2287, 19, 491, 811, 0, 0, 34.74%, 0, 0, 12, 1088.04, 2341401, 1079, 0, 0
2292, 19, 382, 811, 0, 0, 34.74%, 0, 0, 12, 1101.32, 2346875, 1079, 0, 0
2297, 19, 191, 811, 0, 0, 34.74%, 0, 0, 12, 1097.80, 2352465, 1079, 0, 0
2302, 19, 600, 812, 1, 0, 34.74%, 0, 0, 12, 1157.74, 2358320, 1079, 0, 0
2307, 19, 775, 813, 2, 0, 34.74%, 0, 0, 12, 1171.77, 2364273, 1079, 0, 0
2312, 19, 812, 813, 1, 0, 34.74%, 0, 0, 12, 1136.07, 2370065, 1079, 0, 0
2317, 19, 358, 813, 0, 0, 34.74%, 0, 0, 12, 1127.99, 2375761, 1079, 0, 0
2323, 19, 786, 813, 0, 0, 34.74%, 0, 0, 12, 1150.16, 2381780, 1079, 0, 0
2328, 19, 506, 813, 0, 0, 34.74%, 0, 0, 12, 1121.86, 2386326, 1079, 0, 0
2333, 19, 303, 814, 1, 0, 34.74%, 0, 0, 12, 1167.96, 2392303, 1079, 0, 0
2338, 20, 814, 815, 2, 0, 34.74%, 0, 0, 12, 1124.07, 2398073, 1079, 0, 0
2343, 20, 813, 816, 2, 0, 34.74%, 0, 0, 12, 1148.74, 2403881, 1079, 0, 0
2348, 20, 813, 820, 6, 0, 34.74%, 0, 0, 12, 1166.73, 2409988, 1079, 0, 0
2354, 20, 42, 821, 6, 0, 34.74%, 0, 0, 12, 1160.97, 2416467, 1079, 0, 0
2359, 20, 815, 821, 4, 0, 34.74%, 0, 0, 12, 1138.77, 2422077, 1079, 0, 0
2364, 20, 152, 821, 3, 0, 34.74%, 0, 0, 12, 1153.73, 2427865, 1079, 0, 0
2369, 20, 768, 821, 3, 0, 34.74%, 0, 0, 12, 1095.47, 2433715, 1079, 0, 0
2374, 20, 490, 821, 2, 0, 34.74%, 0, 0, 12, 1164.39, 2439605, 1079, 0, 0
2379, 20, 507, 821, 1, 0, 34.74%, 0, 0, 12, 1168.71, 2445544, 1079, 0, 0
2385, 20, 122, 821, 1, 0, 34.74%, 0, 0, 12, 1160.60, 2451609, 1079, 0, 0
2390, 20, 692, 821, 1, 0, 34.74%, 0, 0, 12, 1157.85, 2457346, 1079, 0, 0
2395, 20, 477, 821, 1, 0, 34.74%, 0, 0, 12, 1160.64, 2463522, 1079, 0, 0
2400, 20, 678, 821, 1, 0, 34.74%, 0, 0, 12, 1119.12, 2469057, 1079, 0, 0
2405, 20, 804, 823, 3, 0, 34.74%, 0, 0, 12, 1129.58, 2474883, 1079, 0, 0
2410, 20, 630, 823, 3, 0, 34.74%, 0, 0, 12, 1127.21, 2480480, 1079, 0, 0
2416, 20, 203, 823, 3, 0, 34.74%, 0, 0, 12, 1090.62, 2486125, 1079, 0, 0
2421, 20, 355, 823, 2, 0, 34.74%, 0, 0, 12, 1095.09, 2491808, 1079, 0, 0
2426, 20, 573, 823, 2, 0, 34.74%, 0, 0, 12, 1120.97, 2497622, 1079, 0, 0
2431, 20, 589, 824, 3, 0, 34.74%, 0, 0, 12, 1101.96, 2503178, 1079, 0, 0
2436, 21, 589, 824, 2, 0, 34.74%, 0, 0, 12, 982.31, 2507906, 1079, 0, 0
2441, 21, 223, 824, 1, 0, 34.74%, 0, 0, 12, 1083.65, 2513859, 1079, 0, 0
2446, 21, 611, 824, 1, 0, 34.74%, 0, 0, 12, 1105.12, 2519529, 1079, 0, 0
2451, 21, 130, 824, 0, 0, 34.74%, 0, 0, 12, 1134.01, 2525431, 1079, 0, 0
2457, 21, 355, 824, 0, 0, 34.74%, 0, 0, 12, 1092.38, 2530062, 1079, 0, 0
2462, 21, 46, 824, 0, 0, 34.74%, 0, 0, 12, 1064.67, 2535412, 1079, 0, 0
2467, 21, 431, 824, 0, 0, 34.74%, 0, 0, 12, 1124.24, 2541140, 1079, 0, 0
2472, 21, 659, 824, 0, 0, 34.74%, 0, 0, 12, 1058.76, 2546520, 1079, 0, 0
2477, 21, 778, 824, 0, 0, 34.74%, 0, 0, 12, 1069.58, 2551863, 1079, 0, 0
2482, 21, 804, 824, 0, 0, 34.74%, 0, 0, 12, 1099.45, 2557392, 1079, 0, 0
2487, 21, 371, 824, 0, 0, 34.74%, 0, 0, 12, 1111.61, 2563118, 1079, 0, 0
2492, 21, 293, 824, 0, 0, 34.74%, 0, 0, 12, 1123.77, 2569346, 1079, 0, 0
2497, 21, 554, 824, 0, 0, 34.74%, 0, 0, 12, 1133.05, 2575068, 1079, 0, 0
2503, 21, 787, 824, 0, 0, 34.74%, 0, 0, 12, 1120.20, 2581042, 1079, 0, 0
2508, 21, 632, 824, 0, 0, 34.74%, 0, 0, 12, 1085.47, 2586522, 1079, 0, 0
2513, 21, 349, 824, 0, 0, 34.74%, 0, 0, 12, 1105.63, 2591570, 1079, 0, 0
2518, 21, 230, 824, 0, 0, 34.74%, 0, 0, 12, 1088.97, 2596982, 1079, 0, 0
2523, 21, 794, 824, 0, 0, 34.74%, 0, 0, 12, 1085.82, 2602417, 1079, 0, 0
2528, 21, 464, 824, 0, 0, 34.74%, 0, 0, 12, 1104.44, 2608248, 1079, 0, 0
2533, 22, 421, 824, 0, 0, 34.74%, 0, 0, 12, 1132.58, 2614026, 1079, 0, 0
2538, 22, 14, 824, 0, 0, 34.74%, 0, 0, 12, 1123.75, 2619673, 1079, 0, 0
2543, 22, 411, 825, 1, 0, 34.74%, 0, 0, 13, 1122.75, 2625155, 1079, 0, 0
2549, 22, 351, 825, 1, 0, 34.74%, 0, 0, 13, 1111.76, 2630738, 1079, 0, 0
2554, 22, 804, 825, 1, 0, 34.74%, 0, 0, 13, 1078.63, 2636169, 1079, 0, 0
2559, 22, 73, 825, 1, 0, 34.74%, 0, 0, 13, 1095.17, 2641751, 1079, 0, 0
2565, 22, 824, 825, 1, 0, 34.74%, 0, 0, 13, 1072.36, 2647773, 1079, 0, 0
2570, 22, 358, 825, 0, 0, 34.74%, 0, 0, 13, 1065.48, 2653040, 1079, 0, 0
2575, 22, 354, 825, 0, 0, 34.74%, 0, 0, 13, 1098.57, 2658614, 1079, 0, 0
2580, 22, 419, 825, 0, 0, 34.74%, 0, 0, 13, 1066.95, 2664061, 1079, 0, 0
2585, 22, 804, 825, 0, 0, 34.74%, 0, 0, 13, 1089.95, 2669790, 1079, 0, 0
2590, 22, 344, 825, 0, 0, 34.74%, 0, 0, 13, 1083.95, 2675342, 1079, 0, 0
2596, 22, 502, 825, 0, 0, 34.74%, 0, 0, 13, 1114.92, 2682241, 1079, 0, 0
2601, 22, 120, 825, 0, 0, 34.74%, 0, 0, 13, 1127.46, 2687988, 1079, 0, 0
2606, 22, 551, 825, 0, 0, 34.74%, 0, 0, 13, 1086.82, 2693490, 1079, 0, 0
2612, 22, 675, 825, 0, 0, 34.74%, 0, 0, 13, 1104.09, 2699110, 1079, 0, 0
2617, 22, 197, 825, 0, 0, 34.74%, 0, 0, 13, 1113.02, 2704904, 1079, 0, 0
2622, 23, 713, 825, 0, 0, 34.74%, 0, 0, 13, 1091.53, 2710466, 1079, 0, 0
2627, 23, 589, 825, 0, 0, 34.74%, 0, 0, 13, 1063.06, 2715980, 1079, 0, 0
2632, 23, 620, 825, 0, 0, 34.74%, 0, 0, 13, 1073.76, 2721505, 1079, 0, 0
2637, 23, 336, 825, 0, 0, 34.74%, 0, 0, 13, 1095.01, 2727328, 1079, 0, 0
2642, 23, 786, 825, 0, 0, 34.74%, 0, 0, 13, 1139.97, 2732897, 1079, 0, 0
2648, 23, 196, 825, 0, 0, 34.74%, 0, 0, 13, 1098.45, 2738826, 1079, 0, 0
2653, 23, 163, 825, 0, 0, 34.74%, 0, 0, 13, 1071.67, 2743790, 1079, 0, 0
2658, 23, 661, 826, 1, 0, 34.74%, 0, 0, 13, 1140.14, 2749799, 1079, 0, 0
2663, 23, 689, 826, 1, 0, 34.74%, 0, 0, 13, 1104.59, 2755368, 1079, 0, 0
2668, 23, 515, 826, 0, 0, 34.74%, 0, 0, 13, 1094.31, 2761311, 1079, 0, 0
2674, 23, 772, 826, 0, 0, 34.74%, 0, 0, 13, 1108.54, 2766969, 1079, 0, 0
2679, 23, 560, 826, 0, 0, 34.74%, 0, 0, 13, 1105.03, 2772539, 1079, 0, 0
2684, 23, 748, 827, 1, 0, 34.74%, 0, 0, 13, 1120.94, 2778244, 1079, 0, 0
2689, 23, 453, 827, 0, 0, 34.74%, 0, 0, 13, 1123.20, 2784013, 1079, 0, 0
2694, 23, 349, 827, 0, 0, 34.74%, 0, 0, 13, 1132.70, 2789913, 1079, 0, 0
2699, 23, 534, 827, 0, 0, 34.74%, 0, 0, 13, 1092.45, 2795266, 1079, 0, 0
2704, 23, 116, 827, 0, 0, 34.74%, 0, 0, 13, 1087.86, 2800907, 1079, 0, 0
2709, 24, 17, 827, 0, 0, 34.74%, 0, 0, 13, 1094.75, 2806407, 1079, 0, 0
2714, 24, 351, 827, 0, 0, 34.74%, 0, 0, 13, 1095.40, 2812011, 1079, 0, 0
2719, 24, 436, 827, 0, 0, 34.74%, 0, 0, 13, 1070.91, 2817429, 1079, 0, 0
2724, 24, 554, 827, 0, 0, 34.74%, 0, 0, 13, 1059.43, 2822920, 1079, 0, 0
2729, 24, 76, 828, 1, 0, 34.74%, 0, 0, 13, 1101.41, 2828465, 1079, 0, 0
2735, 24, 569, 828, 1, 0, 34.74%, 0, 0, 13, 1091.62, 2834160, 1079, 0, 0
2741, 24, 24, 828, 1, 0, 34.74%, 0, 0, 13, 1052.58, 2840942, 1079, 0, 0
2746, 24, 354, 828, 1, 0, 34.74%, 0, 0, 13, 1061.13, 2846355, 1079, 0, 0
2751, 24, 223, 828, 1, 0, 34.74%, 0, 0, 13, 1127.18, 2852080, 1079, 0, 0
2756, 24, 808, 828, 1, 0, 34.74%, 0, 0, 13, 1085.48, 2857630, 1079, 0, 0
2761, 24, 352, 828, 1, 0, 34.74%, 0, 0, 13, 1113.58, 2862734, 1079, 0, 0
2767, 24, 153, 828, 1, 0, 34.74%, 0, 0, 13, 1138.42, 2868659, 1079, 0, 0
2772, 24, 358, 828, 0, 0, 34.74%, 0, 0, 13, 1092.17, 2874163, 1079, 0, 0
2777, 24, 32, 828, 0, 0, 34.74%, 0, 0, 13, 1079.83, 2879642, 1079, 0, 0
2782, 24, 611, 828, 0, 0, 34.74%, 0, 0, 13, 1063.04, 2884594, 1079, 0, 0
2787, 24, 611, 828, 0, 0, 34.74%, 0, 0, 13, 1064.38, 2890127, 1079, 0, 0
2792, 24, 808, 828, 0, 0, 34.74%, 0, 0, 13, 1072.91, 2895570, 1079, 0, 0
2797, 24, 130, 828, 0, 0, 34.74%, 0, 0, 13, 1088.92, 2900990, 1079, 0, 0
2804, 25, 651, 829, 1, 0, 34.74%, 0, 0, 13, 1053.12, 2908349, 1079, 0, 0
2809, 25, 573, 829, 1, 0, 34.74%, 0, 0, 13, 1064.27, 2913753, 1079, 0, 0
2814, 25, 201, 829, 0, 0, 34.74%, 0, 0, 13, 1092.52, 2919542, 1079, 0, 0
2819, 25, 771, 829, 0, 0, 34.74%, 0, 0, 13, 1087.25, 2925072, 1079, 0, 0
2824, 25, 467, 830, 1, 0, 34.74%, 0, 0, 13, 1104.62, 2930865, 1079, 0, 0
2829, 25, 357, 830, 1, 0, 34.74%, 0, 0, 13, 1089.07, 2936390, 1079, 0, 0
2834, 25, 32, 830, 1, 0, 34.74%, 0, 0, 13, 1065.84, 2941877, 1079, 0, 0
2839, 25, 786, 830, 1, 0, 34.74%, 0, 0, 13, 1096.83, 2947335, 1079, 0, 0
2844, 25, 181, 830, 1, 0, 34.74%, 0, 0, 13, 1130.43, 2953135, 1079, 0, 0
2850, 25, 724, 830, 1, 0, 34.74%, 0, 0, 13, 1111.36, 2958741, 1079, 0, 0
2856, 25, 797, 830, 1, 0, 34.74%, 0, 0, 13, 1101.99, 2965583, 1079, 0, 0
2861, 25, 165, 830, 1, 0, 34.74%, 0, 0, 13, 1109.70, 2971155, 1079, 0, 0
2866, 25, 626, 830, 1, 0, 34.74%, 0, 0, 13, 1146.40, 2977152, 1079, 0, 0
2871, 25, 429, 830, 1, 0, 34.74%, 0, 0, 13, 1115.78, 2982683, 1079, 0, 0
2876, 25, 201, 830, 1, 0, 34.74%, 0, 0, 13, 1119.45, 2988398, 1079, 0, 0
2881, 25, 25, 831, 2, 0, 34.74%, 0, 0, 13, 1099.20, 2994016, 1079, 0, 0
2886, 25, 114, 831, 2, 0, 34.74%, 0, 0, 13, 1047.12, 2999281, 1079, 0, 0
2892, 25, 622, 832, 2, 0, 34.74%, 0, 0, 13, 1059.75, 3004827, 1079, 0, 0
2897, 26, 329, 832, 1, 0, 34.74%, 0, 0, 13, 1066.06, 3010309, 1079, 0, 0
2902, 26, 46, 832, 1, 0, 34.74%, 0, 0, 13, 1089.97, 3015912, 1079, 0, 0
2907, 26, 365, 833, 2, 0, 34.74%, 0, 0, 13, 1077.48, 3021852, 1079, 0, 0
2913, 26, 545, 833, 2, 0, 34.74%, 0, 0, 13, 1099.02, 3027543, 1079, 0, 0
2918, 26, 814, 833, 1, 0, 34.74%, 0, 0, 13, 1052.38, 3032810, 1079, 0, 0
2923, 26, 678, 833, 1, 0, 34.74%, 0, 0, 13, 1086.88, 3038331, 1079, 0, 0
2928, 26, 780, 833, 1, 0, 34.74%, 0, 0, 13, 1107.33, 3043963, 1079, 0, 0
2933, 26, 790, 834, 2, 0, 34.74%, 0, 0, 13, 1141.34, 3049683, 1079, 0, 0
2938, 26, 353, 834, 2, 0, 34.74%, 0, 0, 13, 1127.40, 3055476, 1079, 0, 0
2943, 26, 211, 834, 2, 0, 34.74%, 0, 0, 13, 1136.00, 3061244, 1079, 0, 0
2948, 26, 833, 834, 1, 0, 34.74%, 0, 0, 13, 1173.52, 3067368, 1079, 0, 0
2953, 26, 14, 834, 1, 0, 34.74%, 0, 0, 13, 1098.20, 3072876, 1079, 0, 0
2958, 26, 542, 834, 1, 0, 34.74%, 0, 0, 13, 1127.84, 3078374, 1079, 0, 0
2963, 26, 218, 834, 1, 0, 34.74%, 0, 0, 13, 1120.53, 3083938, 1079, 0, 0
2968, 26, 233, 834, 1, 0, 34.74%, 0, 0, 13, 1128.29, 3089650, 1079, 0, 0
2974, 26, 833, 834, 1, 0, 34.74%, 0, 0, 13, 1119.22, 3095363, 1079, 0, 0
2979, 26, 172, 834, 1, 0, 34.74%, 0, 0, 13, 1123.37, 3101083, 1079, 0, 0
2984, 26, 794, 834, 1, 0, 34.74%, 0, 0, 13, 1138.48, 3106934, 1079, 0, 0
2989, 26, 620, 834, 1, 0, 34.74%, 0, 0, 13, 1130.53, 3112711, 1079, 0, 0
2994, 27, 760, 834, 1, 0, 34.74%, 0, 0, 13, 1104.77, 3118303, 1079, 0, 0
2999, 27, 558, 834, 1, 0, 34.74%, 0, 0, 13, 1108.19, 3124182, 1079, 0, 0
3004, 27, 431, 834, 1, 0, 34.74%, 0, 0, 13, 1107.20, 3129744, 1079, 0, 0
3009, 27, 490, 834, 1, 0, 34.74%, 0, 0, 13, 1081.52, 3135208, 1079, 0, 0
3014, 27, 760, 834, 1, 0, 34.74%, 0, 0, 13, 1061.57, 3140654, 1079, 0, 0
3019, 27, 349, 834, 1, 0, 34.74%, 0, 0, 13, 1070.41, 3146166, 1079, 0, 0
3024, 27, 711, 834, 1, 0, 34.74%, 0, 0, 13, 1092.39, 3151831, 1079, 0, 0
3029, 27, 707, 834, 1, 0, 34.74%, 0, 0, 13, 1124.15, 3157549, 1079, 0, 0
3035, 27, 589, 834, 1, 0, 34.74%, 0, 0, 13, 1127.65, 3163304, 1079, 0, 0
3040, 27, 707, 834, 1, 0, 34.74%, 0, 0, 13, 1103.37, 3168868, 1079, 0, 0
3045, 27, 794, 834, 1, 0, 34.74%, 0, 0, 13, 1141.07, 3174620, 1079, 0, 0
3050, 27, 750, 834, 1, 0, 34.74%, 0, 0, 13, 1151.54, 3180520, 1079, 0, 0
3055, 27, 692, 834, 1, 0, 34.74%, 0, 0, 13, 1117.33, 3186355, 1079, 0, 0
3060, 27, 786, 834, 1, 0, 34.74%, 0, 0, 13, 1125.33, 3191855, 1079, 0, 0
3065, 27, 357, 834, 1, 0, 34.74%, 0, 0, 13, 1094.92, 3197272, 1079, 0, 0
3070, 27, 149, 834, 1, 0, 34.74%, 0, 0, 13, 1091.43, 3202748, 1079, 0, 0
3077, 27, 50, 835, 2, 0, 34.74%, 0, 0, 13, 1126.82, 3209785, 1079, 0, 0
3082, 28, 229, 835, 2, 0, 34.74%, 0, 0, 13, 1132.27, 3215557, 1079, 0, 0
3087, 28, 611, 835, 1, 0, 34.74%, 0, 0, 13, 1115.22, 3221195, 1079, 0, 0
3092, 28, 340, 835, 1, 0, 34.74%, 0, 0, 13, 1120.01, 3226740, 1079, 0, 0
3097, 28, 777, 835, 1, 0, 34.74%, 0, 0, 13, 1158.20, 3232900, 1079, 0, 0
3102, 28, 733, 835, 1, 0, 34.74%, 0, 0, 13, 1168.04, 3238704, 1079, 0, 0
3107, 28, 127, 835, 1, 0, 34.74%, 0, 0, 13, 1083.83, 3244130, 1079, 0, 0
3112, 28, 804, 835, 1, 0, 34.74%, 0, 0, 13, 1108.02, 3249669, 1079, 0, 0
3117, 28, 390, 835, 1, 0, 34.74%, 0, 0, 13, 1100.17, 3254264, 1079, 0, 0
3122, 28, 351, 835, 0, 0, 34.74%, 0, 0, 13, 1153.92, 3260133, 1079, 0, 0
3127, 28, 224, 835, 0, 0, 34.74%, 0, 0, 13, 1092.12, 3265658, 1079, 0, 0
3132, 28, 780, 835, 0, 0, 34.74%, 0, 0, 13, 1122.90, 3271225, 1079, 0, 0
3137, 28, 804, 835, 0, 0, 34.74%, 0, 0, 13, 1135.18, 3277004, 1079, 0, 0
3143, 28, 46, 835, 0, 0, 34.74%, 0, 0, 13, 1165.56, 3283051, 1079, 0, 0
3148, 28, 692, 835, 0, 0, 34.74%, 0, 0, 13, 1059.73, 3288333, 1079, 0, 0
3153, 28, 787, 835, 0, 0, 34.74%, 0, 0, 13, 1104.42, 3293894, 1079, 0, 0
3158, 28, 630, 835, 0, 0, 34.74%, 0, 0, 13, 1093.78, 3299470, 1079, 0, 0
3163, 28, 138, 836, 0, 0, 34.74%, 0, 0, 13, 1103.70, 3305217, 1079, 0, 0
3168, 28, 453, 836, 0, 0, 34.74%, 0, 0, 13, 1103.30, 3310792, 1079, 0, 0
3173, 29, 835, 836, 0, 0, 34.74%, 0, 0, 13, 1098.11, 3316281, 1079, 0, 0
3178, 29, 322, 836, 0, 0, 34.74%, 0, 0, 13, 1088.67, 3321718, 1079, 0, 0
3183, 29, 121, 836, 0, 0, 34.74%, 0, 0, 13, 1129.36, 3327493, 1079, 0, 0
3188, 29, 531, 836, 0, 0, 34.74%, 0, 0, 13, 1123.01, 3332998, 1079, 0, 0
3193, 29, 632, 836, 0, 0, 34.74%, 0, 0, 13, 1103.32, 3338498, 1079, 0, 0
3199, 29, 218, 836, 0, 0, 34.74%, 0, 0, 13, 1131.33, 3344399, 1079, 0, 0
3204, 29, 299, 836, 0, 0, 34.74%, 0, 0, 13, 1132.88, 3350010, 1079, 0, 0
3209, 29, 730, 836, 0, 0, 34.74%, 0, 0, 13, 1108.14, 3355641, 1079, 0, 0
3214, 29, 148, 836, 0, 0, 34.74%, 0, 0, 13, 1109.15, 3361317, 1079, 0, 0
3219, 29, 733, 836, 0, 0, 34.74%, 0, 0, 13, 1102.99, 3366867, 1079, 0, 0
3224, 29, 269, 836, 0, 0, 34.74%, 0, 0, 13, 1126.82, 3372859, 1079, 0, 0
3229, 29, 718, 836, 0, 0, 34.74%, 0, 0, 13, 1121.72, 3378431, 1079, 0, 0
3235, 29, 819, 836, 0, 0, 34.74%, 0, 0, 13, 1117.41, 3384483, 1079, 0, 0
3240, 29, 39, 836, 0, 0, 34.74%, 0, 0, 13, 1141.77, 3390249, 1079, 0, 0
3245, 29, 804, 836, 0, 0, 34.74%, 0, 0, 13, 1126.27, 3395980, 1079, 0, 0
3250, 29, 109, 836, 0, 0, 34.74%, 0, 0, 13, 1112.85, 3401752, 1079, 0, 0
3255, 29, 589, 836, 0, 0, 34.74%, 0, 0, 13, 1080.32, 3407300, 1079, 0, 0
3260, 29, 725, 836, 0, 0, 34.74%, 0, 0, 13, 1109.68, 3412940, 1079, 0, 0
3266, 30, 346, 836, 0, 0, 34.74%, 0, 0, 13, 1104.96, 3418912, 1079, 0, 0
3271, 30, 331, 836, 0, 0, 34.74%, 0, 0, 13, 1119.88, 3424434, 1079, 0, 0
3276, 30, 495, 836, 0, 0, 34.74%, 0, 0, 13, 1163.08, 3430254, 1079, 0, 0
3281, 30, 464, 836, 0, 0, 34.74%, 0, 0, 13, 1166.08, 3436286, 1079, 0, 0
3286, 30, 349, 836, 0, 0, 34.74%, 0, 0, 13, 1160.25, 3442113, 1079, 0, 0
3291, 30, 748, 836, 0, 0, 34.74%, 0, 0, 13, 1118.22, 3447711, 1079, 0, 0
3296, 30, 726, 836, 0, 0, 34.74%, 0, 0, 13, 1143.07, 3453479, 1079, 0, 0
3302, 30, 336, 836, 0, 0, 34.74%, 0, 0, 13, 1140.06, 3459238, 1079, 0, 0
3307, 30, 554, 836, 0, 0, 34.74%, 0, 0, 13, 1129.39, 3465087, 1079, 0, 0
3313, 30, 384, 836, 0, 0, 34.74%, 0, 0, 13, 1052.80, 3471158, 1079, 0, 0
3318, 30, 836, 837, 1, 0, 34.74%, 0, 0, 13, 1093.89, 3476775, 1079, 0, 0
3323, 30, 808, 837, 0, 0, 34.74%, 0, 0, 13, 1114.11, 3482342, 1079, 0, 0
3329, 30, 771, 837, 0, 0, 34.74%, 0, 0, 13, 1100.85, 3487949, 1079, 0, 0
3334, 30, 804, 837, 0, 0, 34.74%, 0, 0, 13, 1124.71, 3493834, 1079, 0, 0
3339, 30, 678, 837, 0, 0, 34.74%, 0, 0, 13, 1126.07, 3499497, 1079, 0, 0
3344, 30, 833, 837, 0, 0, 34.74%, 0, 0, 13, 1151.78, 3505270, 1079, 0, 0
3349, 30, 760, 838, 1, 0, 34.74%, 0, 0, 13, 1106.88, 3510991, 1079, 0, 0
3354, 30, 357, 838, 0, 0, 34.74%, 0, 0, 13, 1103.68, 3516215, 1079, 0, 0
3359, 31, 183, 838, 0, 0, 34.74%, 0, 0, 13, 1093.26, 3521632, 1079, 0, 0
3364, 31, 448, 840, 1, 0, 34.74%, 0, 0, 13, 1107.71, 3527263, 1079, 0, 0
3369, 31, 507, 840, 1, 0, 34.74%, 0, 0, 13, 1072.38, 3532861, 1079, 0, 0
3374, 31, 354, 840, 1, 0, 34.74%, 0, 0, 13, 1087.98, 3538508, 1079, 0, 0
3380, 31, 646, 840, 1, 0, 34.74%, 0, 0, 13, 1114.79, 3544238, 1079, 0, 0
3385, 31, 320, 840, 1, 0, 34.74%, 0, 0, 13, 1095.35, 3549808, 1079, 0, 0
3390, 31, 562, 840, 1, 0, 34.74%, 0, 0, 13, 1146.96, 3555888, 1079, 0, 0
3395, 31, 838, 840, 1, 0, 34.74%, 0, 0, 13, 1108.72, 3561430, 1079, 0, 0
3400, 31, 320, 841, 1, 0, 34.74%, 0, 0, 13, 1118.29, 3567300, 1079, 0, 0
3405, 31, 546, 841, 0, 0, 34.74%, 0, 0, 13, 1140.39, 3573329, 1079, 0, 0
3410, 31, 676, 841, 0, 0, 34.74%, 0, 0, 13, 1046.44, 3578420, 1079, 0, 0
3415, 31, 392, 841, 0, 0, 34.74%, 0, 0, 13, 1061.26, 3584097, 1079, 0, 0
3420, 31, 546, 841, 0, 0, 34.74%, 0, 0, 13, 1082.38, 3589663, 1079, 0, 0
3425, 31, 597, 841, 0, 0, 34.74%, 0, 0, 13, 1075.44, 3595280, 1079, 0, 0
3430, 31, 165, 843, 2, 0, 34.74%, 0, 0, 13, 1184.87, 3601277, 1079, 0, 0
3436, 31, 205, 843, 2, 0, 34.74%, 0, 0, 13, 1152.47, 3607221, 1079, 0, 0
3441, 31, 676, 843, 2, 0, 34.74%, 0, 0, 13, 1131.51, 3612841, 1079, 0, 0
3446, 31, 794, 843, 2, 0, 34.74%, 0, 0, 13, 1142.39, 3618757, 1079, 0, 0
3451, 31, 357, 843, 2, 0, 34.74%, 0, 0, 13, 1095.77, 3624075, 1079, 0, 0
3456, 31, 676, 844, 2, 0, 34.74%, 0, 0, 13, 1126.59, 3630061, 1079, 0, 0
3461, 31, 719, 844, 2, 0, 34.74%, 0, 0, 13, 1129.59, 3635814, 1079, 0, 0
3466, 32, 126, 844, 2, 0, 34.74%, 0, 0, 13, 1099.25, 3641360, 1079, 0, 0
3471, 32, 639, 844, 2, 0, 34.74%, 0, 0, 13, 1121.52, 3647200, 1079, 0, 0
3477, 32, 841, 844, 2, 0, 34.74%, 0, 0, 13, 1125.41, 3654257, 1079, 0, 0
3483, 32, 739, 844, 0, 0, 34.74%, 0, 0, 13, 1123.24, 3660014, 1079, 0, 0
3488, 32, 778, 844, 0, 0, 34.74%, 0, 0, 13, 1117.26, 3665670, 1079, 0, 0
3493, 32, 684, 844, 0, 0, 34.74%, 0, 0, 13, 1118.32, 3671435, 1079, 0, 0
3498, 32, 490, 844, 0, 0, 34.74%, 0, 0, 13, 1108.55, 3677178, 1079, 0, 0
3503, 32, 216, 844, 0, 0, 34.74%, 0, 0, 13, 1111.47, 3682489, 1079, 0, 0
3508, 32, 730, 844, 0, 0, 34.74%, 0, 0, 13, 1162.10, 3688366, 1079, 0, 0
3513, 32, 598, 844, 0, 0, 34.74%, 0, 0, 13, 1132.06, 3694002, 1079, 0, 0
3519, 32, 694, 844, 0, 0, 34.74%, 0, 0, 13, 1135.58, 3700133, 1079, 0, 0
3524, 32, 794, 844, 0, 0, 34.74%, 0, 0, 13, 1104.38, 3705662, 1079, 0, 0
3529, 32, 241, 844, 0, 0, 34.74%, 0, 0, 13, 1100.28, 3711231, 1079, 0, 0
3534, 32, 357, 844, 0, 0, 34.74%, 0, 0, 13, 1122.53, 3717050, 1079, 0, 0
3539, 32, 596, 844, 0, 0, 34.74%, 0, 0, 13, 1142.35, 3722759, 1079, 0, 0
3544, 32, 188, 844, 0, 0, 34.74%, 0, 0, 13, 1140.23, 3728681, 1079, 0, 0
3549, 32, 200, 844, 0, 0, 34.74%, 0, 0, 13, 1087.47, 3733939, 1079, 0, 0
3554, 32, 790, 844, 0, 0, 34.74%, 0, 0, 13, 1121.48, 3739556, 1079, 0, 0
3559, 33, 24, 844, 0, 0, 34.74%, 0, 0, 13, 1113.17, 3745237, 1079, 0, 0
3565, 33, 357, 844, 0, 0, 34.74%, 0, 0, 13, 1099.66, 3750846, 1079, 0, 0
3570, 33, 498, 844, 0, 0, 34.74%, 0, 0, 13, 1126.87, 3756609, 1079, 0, 0
3575, 33, 439, 844, 0, 0, 34.74%, 0, 0, 13, 1090.36, 3762174, 1079, 0, 0
3580, 33, 763, 844, 0, 0, 34.74%, 0, 0, 13, 1109.45, 3768199, 1079, 0, 0
3585, 33, 733, 844, 0, 0, 34.74%, 0, 0, 13, 1172.41, 3774180, 1079, 0, 0
3591, 33, 571, 844, 0, 0, 34.74%, 0, 0, 13, 1148.72, 3780662, 1079, 0, 0
3596, 33, 777, 844, 0, 0, 34.74%, 0, 0, 13, 1180.06, 3786606, 1079, 0, 0
3601, 33, 554, 844, 0, 0, 34.74%, 0, 0, 13, 1097.48, 3792077, 1079, 0, 0
3606, 33, 814, 844, 0, 0, 34.74%, 0, 0, 13, 1122.47, 3797757, 1079, 0, 0
3611, 33, 202, 844, 0, 0, 34.74%, 0, 0, 13, 1070.04, 3803162, 1079, 0, 0
3616, 33, 46, 844, 0, 0, 34.74%, 0, 0, 13, 1136.93, 3809219, 1079, 0, 0
3622, 33, 386, 844, 0, 0, 34.74%, 0, 0, 13, 1106.92, 3814634, 1079, 0, 0
3627, 33, 299, 844, 0, 0, 34.74%, 0, 0, 13, 1126.99, 3820250, 1079, 0, 0
3632, 33, 781, 844, 0, 0, 34.74%, 0, 0, 13, 1130.09, 3825866, 1079, 0, 0
3637, 33, 324, 844, 0, 0, 34.74%, 0, 0, 13, 1147.51, 3831657, 1079, 0, 0
3642, 33, 27, 844, 0, 0, 34.74%, 0, 0, 13, 1147.88, 3837408, 1079, 0, 0
3647, 33, 711, 844, 0, 0, 34.74%, 0, 0, 13, 1070.11, 3842754, 1079, 0, 0
3652, 34, 632, 844, 0, 0, 34.74%, 0, 0, 13, 1094.37, 3848336, 1079, 0, 0
3657, 34, 841, 844, 0, 0, 34.74%, 0, 0, 13, 1135.33, 3854132, 1079, 0, 0
3662, 34, 786, 844, 0, 0, 34.74%, 0, 0, 13, 1157.98, 3860030, 1079, 0, 0
3667, 34, 542, 844, 0, 0, 34.74%, 0, 0, 13, 1151.27, 3865878, 1079, 0, 0
3672, 34, 390, 844, 0, 0, 34.74%, 0, 0, 13, 1134.10, 3871625, 1079, 0, 0
3677, 34, 39, 844, 0, 0, 34.74%, 0, 0, 13, 1144.86, 3877560, 1079, 0, 0
3683, 34, 653, 844, 0, 0, 34.74%, 0, 0, 13, 1137.79, 3883382, 1079, 0, 0
3688, 34, 490, 844, 0, 0, 34.74%, 0, 0, 13, 1140.11, 3889425, 1079, 0, 0
3693, 34, 109, 844, 0, 0, 34.74%, 0, 0, 13, 1144.06, 3895281, 1079, 0, 0
3698, 34, 772, 845, 0, 0, 34.74%, 0, 0, 13, 1065.70, 3900662, 1079, 0, 0
3703, 34, 678, 845, 0, 0, 34.74%, 0, 0, 13, 1158.05, 3906637, 1079, 0, 0
3708, 34, 611, 845, 0, 0, 34.74%, 0, 0, 13, 1136.21, 3912482, 1079, 0, 0
3713, 34, 794, 845, 0, 0, 34.74%, 0, 0, 13, 1162.87, 3918408, 1079, 0, 0
3718, 34, 787, 845, 0, 0, 34.74%, 0, 0, 13, 1139.00, 3923798, 1079, 0, 0
3723, 34, 611, 845, 0, 0, 34.74%, 0, 0, 13, 1140.64, 3929526, 1079, 0, 0
3728, 34, 632, 845, 0, 0, 34.74%, 0, 0, 13, 1134.61, 3935150, 1079, 0, 0
3733, 34, 7, 845, 0, 0, 34.74%, 0, 0, 13, 1162.29, 3940982, 1079, 0, 0
3738, 34, 332, 845, 0, 0, 34.74%, 0, 0, 13, 1133.15, 3946754, 1079, 0, 0
3743, 35, 632, 845, 0, 0, 34.74%, 0, 0, 13, 1144.63, 3952553, 1079, 0, 0
3748, 35, 354, 845, 0, 0, 34.74%, 0, 0, 13, 1159.87, 3958352, 1079, 0, 0
3754, 35, 464, 845, 0, 0, 34.74%, 0, 0, 13, 1168.41, 3964019, 1079, 0, 0
3759, 35, 804, 845, 0, 0, 34.74%, 0, 0, 13, 1156.72, 3970057, 1079, 0, 0
3764, 35, 794, 845, 0, 0, 34.74%, 0, 0, 13, 1143.59, 3975752, 1079, 0, 0
3769, 35, 204, 845, 0, 0, 34.74%, 0, 0, 13, 1128.59, 3981404, 1079, 0, 0
3774, 35, 790, 845, 0, 0, 34.74%, 0, 0, 13, 1112.46, 3986021, 1079, 0, 0
3779, 35, 204, 845, 0, 0, 34.74%, 0, 0, 13, 1152.81, 3991987, 1079, 0, 0
3784, 35, 478, 845, 0, 0, 34.74%, 0, 0, 13, 1125.74, 3997708, 1079, 0, 0
3789, 35, 650, 845, 0, 0, 34.74%, 0, 0, 13, 1147.49, 4003379, 1079, 0, 0
3794, 35, 844, 845, 0, 0, 34.74%, 0, 0, 13, 1160.36, 4009299, 1079, 0, 0
3799, 35, 579, 845, 0, 0, 34.74%, 0, 0, 13, 1163.10, 4015124, 1079, 0, 0
3804, 35, 636, 846, 1, 0, 34.74%, 0, 0, 13, 1169.42, 4020947, 1079, 0, 0
3809, 35, 145, 846, 1, 0, 34.74%, 0, 0, 13, 1126.78, 4026598, 1079, 0, 0
3814, 35, 724, 846, 1, 0, 34.74%, 0, 0, 13, 1152.04, 4032451, 1079, 0, 0
3820, 35, 336, 846, 1, 0, 34.74%, 0, 0, 13, 1155.57, 4038337, 1079, 0, 0
3825, 35, 845, 846, 1, 0, 34.74%, 0, 0, 13, 1133.96, 4044023, 1079, 0, 0
3830, 36, 760, 846, 0, 0, 34.74%, 0, 0, 13, 1167.61, 4049902, 1079, 0, 0
3835, 36, 234, 846, 0, 0, 34.74%, 0, 0, 13, 1160.72, 4055847, 1079, 0, 0
3840, 36, 534, 846, 0, 0, 34.74%, 0, 0, 13, 1134.27, 4061865, 1079, 0, 0
3845, 36, 14, 846, 0, 0, 34.74%, 0, 0, 13, 1109.23, 4067403, 1079, 0, 0
3850, 36, 659, 846, 0, 0, 34.74%, 0, 0, 13, 1131.95, 4073112, 1079, 0, 0
3855, 36, 159, 846, 0, 0, 34.74%, 0, 0, 13, 1112.60, 4078645, 1079, 0, 0
3860, 36, 216, 846, 0, 0, 34.74%, 0, 0, 13, 1160.65, 4084748, 1079, 0, 0
3865, 36, 153, 846, 0, 0, 34.74%, 0, 0, 13, 1141.84, 4090552, 1079, 0, 0
3870, 36, 216, 846, 0, 0, 34.74%, 0, 0, 13, 1179.64, 4096503, 1079, 0, 0
3876, 36, 462, 846, 0, 0, 34.74%, 0, 0, 13, 1141.13, 4102493, 1079, 0, 0
3881, 36, 279, 846, 0, 0, 34.74%, 0, 0, 13, 1158.63, 4108466, 1079, 0, 0
3886, 36, 843, 846, 0, 0, 34.74%, 0, 0, 13, 1151.53, 4114209, 1079, 0, 0
3891, 36, 177, 846, 0, 0, 34.74%, 0, 0, 13, 1126.83, 4119988, 1079, 0, 0
3896, 36, 778, 846, 0, 0, 34.74%, 0, 0, 13, 1154.12, 4125882, 1079, 0, 0
3901, 36, 841, 846, 0, 0, 34.74%, 0, 0, 13, 1095.53, 4131522, 1079, 0, 0
3906, 36, 710, 846, 0, 0, 34.74%, 0, 0, 13, 1156.86, 4137670, 1079, 0, 0
3911, 36, 46, 846, 0, 0, 34.74%, 0, 0, 13, 1124.00, 4143165, 1079, 0, 0
3917, 36, 546, 846, 0, 0, 34.74%, 0, 0, 13, 1105.58, 4148879, 1079, 0, 0
3922, 37, 467, 846, 0, 0, 34.74%, 0, 0, 13, 1119.61, 4154599, 1079, 0, 0
3927, 37, 741, 846, 0, 0, 34.74%, 0, 0, 13, 1111.91, 4160259, 1079, 0, 0
3932, 37, 585, 847, 0, 0, 34.74%, 0, 0, 13, 1129.32, 4166302, 1079, 0, 0
3937, 37, 505, 847, 0, 0, 34.74%, 0, 0, 13, 1153.11, 4172112, 1079, 0, 0
3942, 37, 778, 847, 0, 0, 34.74%, 0, 0, 13, 1122.81, 4177855, 1079, 0, 0
3947, 37, 704, 847, 0, 0, 34.74%, 0, 0, 13, 1126.38, 4183481, 1079, 0, 0
3953, 37, 621, 847, 0, 0, 34.74%, 0, 0, 13, 1106.43, 4189381, 1079, 0, 0
3958, 37, 468, 848, 0, 0, 34.77%, 0, 0, 13, 1123.85, 4195290, 1080, 0, 0
3963, 37, 204, 848, 0, 0, 34.77%, 0, 0, 13, 1159.26, 4201214, 1080, 0, 0
3968, 37, 336, 848, 0, 0, 34.77%, 0, 0, 13, 1110.85, 4206665, 1080, 0, 0
3973, 37, 183, 848, 0, 0, 34.77%, 0, 0, 13, 1141.17, 4212484, 1080, 0, 0
3978, 37, 632, 848, 0, 0, 34.77%, 0, 0, 13, 1157.42, 4218337, 1080, 0, 0
3983, 37, 490, 849, 1, 0, 34.77%, 0, 0, 13, 1128.91, 4224222, 1080, 0, 0
3988, 37, 203, 849, 1, 0, 34.77%, 0, 0, 13, 1152.48, 4230109, 1080, 0, 0
3993, 37, 848, 849, 1, 0, 34.77%, 0, 0, 13, 1170.38, 4236133, 1080, 0, 0
3999, 37, 657, 849, 0, 0, 34.77%, 0, 0, 13, 1148.14, 4242527, 1080, 0, 0
4004, 37, 766, 849, 0, 0, 34.77%, 0, 0, 13, 1108.78, 4248125, 1080, 0, 0
4009, 37, 422, 849, 0, 0, 34.77%, 0, 0, 13, 1157.82, 4254075, 1080, 0, 0
4014, 38, 846, 849, 0, 0, 34.77%, 0, 0, 13, 1161.32, 4259963, 1080, 0, 0
4019, 38, 611, 849, 0, 0, 34.77%, 0, 0, 13, 1147.39, 4265731, 1080, 0, 0
4025, 38, 164, 849, 0, 0, 34.77%, 0, 0, 13, 1161.59, 4271632, 1080, 0, 0
4030, 38, 390, 849, 0, 0, 34.77%, 0, 0, 13, 1163.84, 4277101, 1080, 0, 0
4035, 38, 545, 849, 0, 0, 34.77%, 0, 0, 13, 1163.74, 4282963, 1080, 0, 0
4040, 38, 39, 849, 0, 0, 34.77%, 0, 0, 13, 1142.24, 4288496, 1080, 0, 0
4045, 38, 219, 849, 0, 0, 34.77%, 0, 0, 13, 1191.29, 4294544, 1080, 0, 0
4050, 38, 448, 849, 0, 0, 34.77%, 0, 0, 13, 1168.64, 4300024, 1080, 0, 0
4055, 38, 322, 849, 0, 0, 34.77%, 0, 0, 13, 1142.92, 4305717, 1080, 0, 0
4060, 38, 620, 849, 0, 0, 34.77%, 0, 0, 13, 1179.83, 4311645, 1080, 0, 0
4065, 38, 517, 849, 0, 0, 34.77%, 0, 0, 13, 1162.82, 4317780, 1080, 0, 0
4070, 38, 336, 849, 0, 0, 34.77%, 0, 0, 13, 1127.86, 4323396, 1080, 0, 0
4075, 38, 490, 849, 0, 0, 34.77%, 0, 0, 13, 1148.87, 4329071, 1080, 0, 0
4080, 38, 322, 849, 0, 0, 34.77%, 0, 0, 13, 1162.33, 4335186, 1080, 0, 0
4086, 38, 447, 850, 1, 0, 34.77%, 0, 0, 13, 1155.68, 4341579, 1080, 0, 0
4091, 38, 722, 850, 1, 0, 34.77%, 0, 0, 13, 1183.64, 4347515, 1080, 0, 0
4097, 38, 490, 850, 1, 0, 34.77%, 0, 0, 13, 1157.42, 4353520, 1080, 0, 0
4103, 38, 595, 850, 1, 0, 34.77%, 0, 0, 13, 1163.44, 4361289, 1080, 0, 0
4108, 39, 632, 850, 1, 0, 34.77%, 0, 0, 13, 1161.56, 4367031, 1080, 0, 0
4113, 39, 591, 850, 0, 0, 34.77%, 0, 0, 13, 1140.78, 4372671, 1080, 0, 0
4118, 39, 603, 850, 0, 0, 34.77%, 0, 0, 13, 1145.92, 4378503, 1080, 0, 0
4124, 39, 411, 850, 0, 0, 34.77%, 0, 0, 13, 1153.89, 4384434, 1080, 0, 0
4129, 39, 589, 850, 0, 0, 34.77%, 0, 0, 13, 1142.44, 4390224, 1080, 0, 0
4134, 39, 700, 850, 0, 0, 34.77%, 0, 0, 13, 1145.26, 4395518, 1080, 0, 0
4139, 39, 692, 850, 0, 0, 34.77%, 0, 0, 13, 1156.19, 4401385, 1080, 0, 0
4144, 39, 54, 850, 0, 0, 34.77%, 0, 0, 13, 1036.60, 4406704, 1080, 0, 0
4149, 39, 557, 850, 0, 0, 34.77%, 0, 0, 13, 1092.87, 4412960, 1080, 0, 0
4154, 39, 847, 850, 0, 0, 34.77%, 0, 0, 13, 1128.41, 4418689, 1080, 0, 0
4159, 39, 513, 851, 1, 0, 34.77%, 0, 0, 13, 1154.17, 4424506, 1080, 0, 0
4165, 39, 352, 851, 1, 0, 34.77%, 0, 0, 13, 1175.22, 4430465, 1080, 0, 0
4170, 39, 352, 851, 1, 0, 34.77%, 0, 0, 13, 1134.47, 4436332, 1080, 0, 0
4175, 39, 778, 851, 1, 0, 34.77%, 0, 0, 13, 1164.54, 4442252, 1080, 0, 0
4180, 39, 238, 851, 0, 0, 34.77%, 0, 0, 13, 1131.67, 4448293, 1080, 0, 0
4185, 39, 787, 851, 0, 0, 34.77%, 0, 0, 13, 1118.95, 4453947, 1080, 0, 0
4190, 39, 849, 851, 0, 0, 34.77%, 0, 0, 13, 1121.49, 4459732, 1080, 0, 0
4195, 39, 808, 851, 0, 0, 34.77%, 0, 0, 13, 1164.28, 4465815, 1080, 0, 0
4201, 40, 23, 851, 0, 0, 34.77%, 0, 0, 13, 1091.30, 4471450, 1080, 0, 0
4207, 40, 513, 851, 0, 0, 34.77%, 0, 0, 13, 1141.61, 4478481, 1080, 0, 0
4212, 40, 541, 851, 0, 0, 34.77%, 0, 0, 13, 1151.02, 4484213, 1080, 0, 0
4217, 40, 357, 851, 0, 0, 34.77%, 0, 0, 13, 1115.58, 4489838, 1080, 0, 0
4222, 40, 707, 851, 0, 0, 34.77%, 0, 0, 13, 1121.51, 4495541, 1080, 0, 0
4227, 40, 148, 851, 0, 0, 34.77%, 0, 0, 13, 1114.28, 4501136, 1080, 0, 0
4232, 40, 614, 851, 0, 0, 34.77%, 0, 0, 13, 1132.29, 4506927, 1080, 0, 0
4237, 40, 700, 852, 1, 0, 34.77%, 0, 0, 13, 1141.67, 4512762, 1080, 0, 0
4242, 40, 352, 852, 1, 0, 34.77%, 0, 0, 13, 1150.23, 4518253, 1080, 0, 0
4247, 40, 804, 852, 0, 0, 34.77%, 0, 0, 13, 1142.04, 4523845, 1080, 0, 0
4252, 40, 804, 852, 0, 0, 34.77%, 0, 0, 13, 1129.59, 4529505, 1080, 0, 0
4258, 40, 745, 852, 0, 0, 34.77%, 0, 0, 13, 1164.56, 4536469, 1080, 0, 0
4263, 40, 545, 852, 0, 0, 34.77%, 0, 0, 13, 1179.22, 4542317, 1080, 0, 0
4268, 40, 823, 852, 0, 0, 34.77%, 0, 0, 13, 1053.86, 4547636, 1080, 0, 0
4273, 40, 336, 852, 0, 0, 34.77%, 0, 0, 13, 1080.04, 4553129, 1080, 0, 0
4279, 40, 548, 852, 0, 0, 34.77%, 0, 0, 13, 1107.33, 4559289, 1080, 0, 0
4284, 40, 164, 852, 0, 0, 34.77%, 0, 0, 13, 1140.79, 4565005, 1080, 0, 0
4291, 40, 350, 852, 0, 0, 34.77%, 0, 0, 13, 1129.61, 4572264, 1080, 0, 0
4296, 41, 200, 852, 0, 0, 34.77%, 0, 0, 13, 1105.59, 4577961, 1080, 0, 0
4301, 41, 748, 852, 0, 0, 34.77%, 0, 0, 13, 1168.59, 4583985, 1080, 0, 0
4306, 41, 808, 852, 0, 0, 34.77%, 0, 0, 13, 1165.56, 4589988, 1080, 0, 0
4311, 41, 216, 852, 0, 0, 34.77%, 0, 0, 13, 1143.95, 4595904, 1080, 0, 0
4318, 41, 601, 852, 0, 0, 34.77%, 0, 0, 13, 1114.58, 4601578, 1080, 0, 0
4323, 41, 31, 852, 0, 0, 34.77%, 0, 0, 13, 1124.12, 4607202, 1080, 0, 0
4328, 41, 509, 852, 0, 0, 34.77%, 0, 0, 13, 1145.72, 4612863, 1080, 0, 0
4333, 41, 596, 852, 0, 0, 34.77%, 0, 0, 13, 1140.56, 4618544, 1080, 0, 0
4338, 41, 229, 852, 0, 0, 34.77%, 0, 0, 13, 1117.90, 4624356, 1080, 0, 0
4343, 41, 404, 852, 0, 0, 34.77%, 0, 0, 13, 1157.97, 4630262, 1080, 0, 0
4348, 41, 690, 853, 1, 0, 34.77%, 0, 0, 13, 1127.79, 4636166, 1080, 0, 0
4353, 41, 804, 853, 1, 0, 34.77%, 0, 0, 13, 1160.13, 4642218, 1080, 0, 0
4358, 41, 216, 853, 0, 0, 34.77%, 0, 0, 13, 1126.42, 4647841, 1080, 0, 0
4363, 41, 692, 853, 0, 0, 34.77%, 0, 0, 13, 1129.66, 4653719, 1080, 0, 0
4368, 41, 554, 853, 0, 0, 34.77%, 0, 0, 13, 1163.98, 4659580, 1080, 0, 0
4374, 41, 817, 853, 0, 0, 34.77%, 0, 0, 13, 1148.67, 4665623, 1080, 0, 0
4379, 41, 676, 853, 0, 0, 34.77%, 0, 0, 13, 1125.16, 4671215, 1080, 0, 0
4384, 42, 556, 853, 0, 0, 34.77%, 0, 0, 13, 1128.44, 4677192, 1080, 0, 0
4389, 42, 639, 853, 0, 0, 34.77%, 0, 0, 13, 1125.85, 4682839, 1080, 0, 0
4394, 42, 628, 853, 0, 0, 34.77%, 0, 0, 13, 1162.63, 4688855, 1080, 0, 0
4399, 42, 181, 853, 0, 0, 34.77%, 0, 0, 13, 1172.01, 4694954, 1080, 0, 0
4404, 42, 34, 853, 0, 0, 34.77%, 0, 0, 13, 1131.69, 4700633, 1080, 0, 0
4409, 42, 46, 853, 0, 0, 34.77%, 0, 0, 13, 1148.59, 4706311, 1080, 0, 0
4415, 42, 356, 854, 1, 0, 34.77%, 0, 0, 13, 1131.72, 4711943, 1080, 0, 0
4420, 42, 515, 854, 1, 0, 34.77%, 0, 0, 13, 1119.55, 4717506, 1080, 0, 0
4425, 42, 390, 854, 1, 0, 34.77%, 0, 0, 13, 1125.74, 4723488, 1080, 0, 0
4430, 42, 551, 854, 1, 0, 34.77%, 0, 0, 13, 1132.95, 4729116, 1080, 0, 0
4435, 42, 596, 854, 1, 0, 34.77%, 0, 0, 13, 1183.63, 4735241, 1080, 0, 0
4440, 42, 291, 855, 2, 0, 34.77%, 0, 0, 13, 1184.74, 4741696, 1080, 0, 0
4445, 42, 854, 855, 2, 0, 34.77%, 0, 0, 13, 1171.43, 4747517, 1080, 0, 0
4450, 42, 707, 855, 1, 0, 34.77%, 0, 0, 13, 1140.97, 4753247, 1080, 0, 0
4455, 42, 790, 855, 1, 0, 34.77%, 0, 0, 13, 1127.61, 4759087, 1080, 0, 0
4460, 42, 556, 855, 1, 0, 34.77%, 0, 0, 13, 1177.24, 4765050, 1080, 0, 0
4466, 42, 748, 856, 2, 0, 34.77%, 0, 0, 13, 1144.59, 4770589, 1080, 0, 0
4471, 42, 567, 856, 2, 0, 34.77%, 0, 0, 13, 1161.12, 4776593, 1080, 0, 0
4476, 43, 556, 856, 2, 0, 34.77%, 0, 0, 13, 1169.38, 4782539, 1080, 0, 0
4481, 43, 800, 856, 2, 0, 34.77%, 0, 0, 13, 1159.58, 4788389, 1080, 0, 0
4486, 43, 589, 856, 2, 0, 34.77%, 0, 0, 13, 1166.90, 4794354, 1080, 0, 0
4491, 43, 351, 856, 2, 0, 34.77%, 0, 0, 13, 942.12, 4799001, 1080, 0, 0
4496, 43, 351, 856, 2, 0, 34.77%, 0, 0, 13, 749.46, 4802603, 1080, 0, 0
4501, 43, 351, 856, 2, 0, 34.77%, 0, 0, 13, 663.38, 4805823, 1080, 0, 0
4506, 43, 351, 856, 2, 0, 34.77%, 0, 0, 13, 641.10, 4809116, 1080, 0, 0
4511, 43, 351, 856, 2, 0, 34.77%, 0, 0, 13, 624.03, 4812272, 1080, 0, 0
4516, 43, 351, 856, 2, 0, 34.77%, 0, 0, 13, 615.70, 4815416, 1080, 0, 0
4521, 43, 351, 856, 2, 0, 34.77%, 0, 0, 13, 604.50, 4818488, 1080, 0, 0
4527, 43, 351, 856, 2, 0, 34.77%, 0, 0, 13, 595.34, 4821528, 1080, 0, 0
4532, 43, 351, 856, 2, 0, 34.77%, 0, 0, 13, 588.13, 4824542, 1080, 0, 0
4537, 43, 351, 856, 2, 0, 34.77%, 0, 0, 13, 583.62, 4827567, 1080, 0, 0
4542, 43, 351, 856, 2, 0, 34.77%, 0, 0, 13, 572.32, 4830449, 1080, 0, 0
4547, 43, 545, 856, 2, 0, 34.77%, 0, 0, 13, 734.43, 4834951, 1080, 0, 0
4552, 43, 833, 856, 2, 0, 34.77%, 0, 0, 13, 863.95, 4840568, 1080, 0, 0
4557, 43, 116, 856, 2, 0, 34.77%, 0, 0, 13, 1094.98, 4846505, 1080, 0, 0
4562, 43, 436, 856, 2, 0, 34.77%, 0, 0, 13, 1168.62, 4852376, 1080, 0, 0
4568, 43, 46, 856, 2, 0, 34.77%, 0, 0, 13, 1180.08, 4858309, 1080, 0, 0
4573, 43, 792, 856, 2, 0, 34.77%, 0, 0, 13, 1158.06, 4864085, 1080, 0, 0
4578, 43, 562, 856, 2, 0, 34.77%, 0, 0, 13, 1150.79, 4869820, 1080, 0, 0
4583, 43, 353, 856, 2, 0, 34.77%, 0, 0, 13, 1116.20, 4875108, 1080, 0, 0
4588, 43, 554, 856, 2, 0, 34.77%, 0, 0, 13, 1081.17, 4880578, 1080, 0, 0
4593, 43, 352, 856, 2, 0, 34.77%, 0, 0, 13, 1095.92, 4886255, 1080, 0, 0
4598, 43, 630, 856, 2, 0, 34.77%, 0, 0, 13, 1145.66, 4892230, 1080, 0, 0
4603, 43, 739, 856, 2, 0, 34.77%, 0, 0, 13, 1126.23, 4897945, 1080, 0, 0
4608, 43, 517, 856, 2, 0, 34.77%, 0, 0, 13, 1110.17, 4903544, 1080, 0, 0
4613, 43, 138, 856, 2, 0, 34.77%, 0, 0, 13, 1117.33, 4909363, 1080, 0, 0
4618, 43, 545, 856, 2, 0, 34.77%, 0, 0, 13, 1164.94, 4915193, 1080, 0, 0
4623, 44, 842, 856, 2, 0, 34.77%, 0, 0, 13, 1149.41, 4920957, 1080, 0, 0
4628, 44, 853, 856, 2, 0, 34.77%, 0, 0, 13, 1138.71, 4926581, 1080, 0, 0
4634, 44, 561, 856, 1, 0, 34.77%, 0, 0, 13, 1153.55, 4932358, 1080, 0, 0
4639, 44, 193, 856, 0, 0, 34.77%, 0, 0, 13, 1113.87, 4937954, 1080, 0, 0
4644, 44, 14, 856, 0, 0, 34.77%, 0, 0, 13, 1135.41, 4943916, 1080, 0, 0
4649, 44, 197, 856, 0, 0, 34.77%, 0, 0, 13, 1123.67, 4949740, 1080, 0, 0
4654, 44, 239, 856, 0, 0, 34.77%, 0, 0, 13, 1099.08, 4955463, 1080, 0, 0
4659, 44, 231, 856, 0, 0, 34.77%, 0, 0, 13, 1107.55, 4961194, 1080, 0, 0
4664, 44, 804, 856, 0, 0, 34.77%, 0, 0, 13, 1130.09, 4966801, 1080, 0, 0
4669, 44, 203, 856, 0, 0, 34.77%, 0, 0, 13, 1141.96, 4972763, 1080, 0, 0
4675, 44, 270, 856, 0, 0, 34.77%, 0, 0, 13, 1154.16, 4979122, 1080, 0, 0
4680, 44, 422, 856, 0, 0, 34.77%, 0, 0, 13, 1095.38, 4984621, 1080, 0, 0
4685, 44, 44, 856, 0, 0, 34.77%, 0, 0, 13, 1026.33, 4989788, 1080, 0, 0
4690, 44, 193, 856, 0, 0, 34.77%, 0, 0, 13, 1134.86, 4995757, 1080, 0, 0
4696, 44, 747, 856, 0, 0, 34.77%, 0, 0, 13, 1168.80, 5002510, 1080, 0, 0
4701, 44, 123, 856, 0, 0, 34.77%, 0, 0, 13, 1155.18, 5008279, 1080, 0, 0
4706, 44, 197, 856, 0, 0, 34.77%, 0, 0, 13, 1155.57, 5013895, 1080, 0, 0
4711, 45, 542, 856, 0, 0, 34.77%, 0, 0, 13, 1113.23, 5018690, 1080, 0, 0
4716, 45, 765, 856, 0, 0, 34.77%, 0, 0, 13, 1128.68, 5024568, 1080, 0, 0
4721, 45, 357, 856, 0, 0, 34.77%, 0, 0, 13, 1162.15, 5030448, 1080, 0, 0
4726, 45, 778, 856, 0, 0, 34.77%, 0, 0, 13, 1138.11, 5036129, 1080, 0, 0
4731, 45, 644, 856, 0, 0, 34.77%, 0, 0, 13, 1183.59, 5042155, 1080, 0, 0
4736, 45, 85, 856, 0, 0, 34.77%, 0, 0, 13, 1172.11, 5047810, 1080, 0, 0
4741, 45, 462, 856, 0, 0, 34.77%, 0, 0, 13, 1180.24, 5053660, 1080, 0, 0
4746, 45, 90, 856, 0, 0, 34.77%, 0, 0, 13, 1161.63, 5059388, 1080, 0, 0
4752, 45, 391, 856, 0, 0, 34.77%, 0, 0, 13, 1140.67, 5066302, 1080, 0, 0
4758, 45, 556, 856, 0, 0, 34.77%, 0, 0, 13, 1112.05, 5071851, 1080, 0, 0
4763, 45, 589, 856, 0, 0, 34.77%, 0, 0, 13, 1181.90, 5077796, 1080, 0, 0
4768, 45, 733, 856, 0, 0, 34.77%, 0, 0, 13, 1168.48, 5083648, 1080, 0, 0
4773, 45, 771, 856, 0, 0, 34.77%, 0, 0, 13, 1171.60, 5089612, 1080, 0, 0
4778, 45, 790, 856, 0, 0, 34.77%, 0, 0, 13, 1192.28, 5095881, 1080, 0, 0
4783, 45, 490, 856, 0, 0, 34.77%, 0, 0, 13, 1128.12, 5101511, 1080, 0, 0
4788, 45, 335, 856, 0, 0, 34.77%, 0, 0, 13, 1076.08, 5106964, 1080, 0, 0
4793, 45, 490, 856, 0, 0, 34.77%, 0, 0, 13, 1129.99, 5112792, 1080, 0, 0
4798, 46, 66, 856, 0, 0, 34.77%, 0, 0, 13, 1108.09, 5118412, 1080, 0, 0
4803, 46, 229, 856, 0, 0, 34.77%, 0, 0, 13, 1137.49, 5124271, 1080, 0, 0
4810, 46, 442, 856, 0, 0, 34.77%, 0, 0, 13, 1095.20, 5131856, 1080, 0, 0
4815, 46, 535, 856, 0, 0, 34.77%, 0, 0, 13, 1090.74, 5137475, 1080, 0, 0
4820, 46, 233, 856, 0, 0, 34.77%, 0, 0, 13, 1145.26, 5143375, 1080, 0, 0
4825, 46, 790, 856, 0, 0, 34.77%, 0, 0, 13, 1172.82, 5149267, 1080, 0, 0
4830, 46, 724, 856, 0, 0, 34.77%, 0, 0, 13, 1172.05, 5155271, 1080, 0, 0
4835, 46, 676, 856, 0, 0, 34.77%, 0, 0, 13, 1199.64, 5161314, 1080, 0, 0
4841, 46, 267, 856, 0, 0, 34.77%, 0, 0, 13, 1191.91, 5167456, 1080, 0, 0
4846, 46, 589, 856, 0, 0, 34.77%, 0, 0, 13, 1158.64, 5173309, 1080, 0, 0
4851, 46, 692, 856, 0, 0, 34.77%, 0, 0, 13, 1164.63, 5179175, 1080, 0, 0
4856, 46, 31, 856, 0, 0, 34.77%, 0, 0, 13, 1121.51, 5185065, 1080, 0, 0
4861, 46, 351, 856, 0, 0, 34.77%, 0, 0, 13, 1134.86, 5190777, 1080, 0, 0
4866, 46, 272, 856, 0, 0, 34.77%, 0, 0, 13, 1106.70, 5196379, 1080, 0, 0
4871, 46, 551, 856, 0, 0, 34.77%, 0, 0, 13, 1112.54, 5201873, 1080, 0, 0
4876, 46, 620, 856, 0, 0, 34.77%, 0, 0, 13, 1125.73, 5207540, 1080, 0, 0
4881, 46, 165, 856, 0, 0, 34.77%, 0, 0, 13, 1131.42, 5213448, 1080, 0, 0
4886, 47, 121, 856, 0, 0, 34.77%, 0, 0, 13, 1151.83, 5219151, 1080, 0, 0
4891, 47, 596, 856, 0, 0, 34.77%, 0, 0, 13, 1140.93, 5224851, 1080, 0, 0
4896, 47, 319, 856, 0, 0, 34.77%, 0, 0, 13, 1153.10, 5230568, 1080, 0, 0
4901, 47, 611, 856, 0, 0, 34.77%, 0, 0, 13, 1172.10, 5236495, 1080, 0, 0
4907, 47, 414, 857, 1, 0, 34.77%, 0, 0, 13, 1124.08, 5242603, 1080, 0, 0
4912, 47, 620, 857, 1, 0, 34.77%, 0, 0, 13, 1138.48, 5248474, 1080, 0, 0
4917, 47, 353, 857, 1, 0, 34.77%, 0, 0, 13, 1162.88, 5254408, 1080, 0, 0
4922, 47, 32, 857, 1, 0, 34.77%, 0, 0, 13, 1110.48, 5260006, 1080, 0, 0
4927, 47, 620, 857, 1, 0, 34.77%, 0, 0, 13, 1146.44, 5265793, 1080, 0, 0
4932, 47, 620, 857, 1, 0, 34.77%, 0, 0, 13, 1176.01, 5271853, 1080, 0, 0
4937, 47, 140, 857, 1, 0, 34.77%, 0, 0, 13, 1181.16, 5277789, 1080, 0, 0
4942, 47, 356, 857, 1, 0, 34.77%, 0, 0, 13, 1180.88, 5283762, 1080, 0, 0
4947, 47, 780, 857, 1, 0, 34.77%, 0, 0, 13, 1137.59, 5289138, 1080, 0, 0
4953, 47, 31, 857, 0, 0, 34.77%, 0, 0, 13, 1127.57, 5294853, 1080, 0, 0
4958, 47, 351, 857, 0, 0, 34.77%, 0, 0, 13, 1154.53, 5300754, 1080, 0, 0
4963, 47, 546, 857, 0, 0, 34.77%, 0, 0, 13, 1097.39, 5306312, 1080, 0, 0
4968, 47, 572, 857, 0, 0, 34.77%, 0, 0, 13, 1147.54, 5312361, 1080, 0, 0
4973, 47, 589, 858, 1, 0, 34.77%, 0, 0, 13, 1151.28, 5318124, 1080, 0, 0
4978, 48, 785, 858, 1, 0, 34.77%, 0, 0, 13, 1161.85, 5324071, 1080, 0, 0
4983, 48, 14, 858, 1, 0, 34.77%, 0, 0, 13, 1157.78, 5329905, 1080, 0, 0
4988, 48, 611, 858, 1, 0, 34.77%, 0, 0, 13, 1157.49, 5335782, 1080, 0, 0
4993, 48, 804, 858, 1, 0, 34.77%, 0, 0, 13, 1186.36, 5341814, 1080, 0, 0
4998, 48, 353, 859, 2, 0, 34.77%, 0, 0, 13, 1145.71, 5347598, 1080, 0, 0
5003, 48, 787, 859, 2, 0, 34.77%, 0, 0, 13, 1184.07, 5353745, 1080, 0, 0
5009, 48, 85, 859, 2, 0, 34.77%, 0, 0, 13, 1136.70, 5359573, 1080, 0, 0
5014, 48, 411, 859, 2, 0, 34.77%, 0, 0, 13, 1161.45, 5365544, 1080, 0, 0
5019, 48, 777, 859, 2, 0, 34.77%, 0, 0, 13, 1126.42, 5371378, 1080, 0, 0
5024, 48, 554, 859, 2, 0, 34.77%, 0, 0, 13, 1141.99, 5377090, 1080, 0, 0
5029, 48, 292, 859, 1, 0, 34.77%, 0, 0, 13, 1177.77, 5383002, 1080, 0, 0
5034, 48, 23, 859, 1, 0, 34.77%, 0, 0, 13, 1156.12, 5388802, 1080, 0, 0
5039, 48, 546, 859, 1, 0, 34.77%, 0, 0, 13, 1141.50, 5394636, 1080, 0, 0
5044, 48, 858, 859, 1, 0, 34.77%, 0, 0, 13, 1117.62, 5400310, 1080, 0, 0
5049, 48, 399, 859, 0, 0, 34.77%, 0, 0, 13, 1117.94, 5405980, 1080, 0, 0
5054, 48, 347, 859, 0, 0, 34.77%, 0, 0, 13, 1088.71, 5411317, 1080, 0, 0
5059, 48, 116, 859, 0, 0, 34.77%, 0, 0, 13, 1086.53, 5416862, 1080, 0, 0
5064, 48, 790, 859, 0, 0, 34.77%, 0, 0, 13, 1124.31, 5422758, 1080, 0, 0
5069, 48, 383, 859, 0, 0, 34.77%, 0, 0, 13, 1130.61, 5428588, 1080, 0, 0
5075, 49, 336, 859, 0, 0, 34.77%, 0, 0, 13, 1131.26, 5434475, 1080, 0, 0
5080, 49, 778, 859, 0, 0, 34.77%, 0, 0, 13, 1125.46, 5439655, 1080, 0, 0
5085, 49, 319, 859, 0, 0, 34.77%, 0, 0, 13, 1145.86, 5445586, 1080, 0, 0
5090, 49, 145, 859, 0, 0, 34.77%, 0, 0, 13, 1149.56, 5451577, 1080, 0, 0
5096, 49, 775, 860, 1, 0, 34.77%, 0, 0, 13, 1149.37, 5458900, 1080, 0, 0
5102, 49, 724, 860, 1, 0, 34.77%, 0, 0, 13, 1170.38, 5464936, 1080, 0, 0
5107, 49, 778, 860, 1, 0, 34.77%, 0, 0, 13, 1143.50, 5470682, 1080, 0, 0
5112, 49, 145, 860, 1, 0, 34.77%, 0, 0, 13, 1141.45, 5476446, 1080, 0, 0
5117, 49, 31, 860, 1, 0, 34.77%, 0, 0, 13, 1137.35, 5482152, 1080, 0, 0
5122, 49, 32, 860, 1, 0, 34.77%, 0, 0, 13, 1152.72, 5487632, 1080, 0, 0
5127, 49, 805, 860, 1, 0, 34.77%, 0, 0, 13, 1156.76, 5493564, 1080, 0, 0
5134, 49, 732, 860, 1, 0, 34.77%, 0, 0, 13, 1122.25, 5500797, 1080, 0, 0
5139, 49, 833, 860, 0, 0, 34.77%, 0, 0, 13, 1145.07, 5506649, 1080, 0, 0
5144, 49, 352, 860, 0, 0, 34.77%, 0, 0, 13, 1176.41, 5512595, 1080, 0, 0
5149, 49, 808, 860, 0, 0, 34.77%, 0, 0, 13, 1140.98, 5518270, 1080, 0, 0
5154, 49, 772, 860, 0, 0, 34.77%, 0, 0, 13, 1161.80, 5524319, 1080, 0, 0
5159, 49, 453, 860, 0, 0, 34.77%, 0, 0, 13, 1097.33, 5529520, 1080, 0, 0
5164, 49, 390, 860, 0, 0, 34.77%, 0, 0, 13, 1159.48, 5535417, 1080, 0, 0
5169, 50, 261, 860, 0, 0, 34.77%, 0, 0, 13, 1117.45, 5540948, 1080, 0, 0
5174, 50, 792, 860, 0, 0, 34.77%, 0, 0, 13, 1150.00, 5546748, 1080, 0, 0
5179, 50, 778, 860, 0, 0, 34.77%, 0, 0, 13, 1125.32, 5552264, 1080, 0, 0
5184, 50, 675, 860, 0, 0, 34.77%, 0, 0, 13, 1270.63, 5557504, 1080, 0, 0
5189, 50, 573, 861, 1, 0, 34.77%, 0, 0, 13, 1156.93, 5563232, 1080, 0, 0
5194, 50, 700, 861, 1, 0, 34.77%, 0, 0, 13, 1160.21, 5569055, 1080, 0, 0
5200, 50, 810, 861, 1, 0, 34.77%, 0, 0, 13, 1142.91, 5574855, 1080, 0, 0
5205, 50, 221, 861, 0, 0, 34.77%, 0, 0, 13, 1093.85, 5580294, 1080, 0, 0
5210, 50, 554, 861, 0, 0, 34.77%, 0, 0, 13, 1119.89, 5586017, 1080, 0, 0
5215, 50, 151, 862, 1, 0, 34.77%, 0, 0, 13, 1188.46, 5592040, 1080, 0, 0
5220, 50, 352, 862, 1, 0, 34.77%, 0, 0, 13, 1130.93, 5597736, 1080, 0, 0
5225, 50, 152, 863, 1, 0, 34.77%, 0, 0, 13, 1136.73, 5603518, 1080, 0, 0
5230, 50, 326, 863, 1, 0, 34.77%, 0, 0, 13, 1127.38, 5609218, 1080, 0, 0
5235, 50, 490, 864, 2, 0, 34.77%, 0, 0, 13, 1140.96, 5615232, 1080, 0, 0
5240, 50, 39, 864, 2, 0, 34.77%, 0, 0, 13, 1138.19, 5621044, 1080, 0, 0
5245, 50, 611, 864, 1, 0, 34.77%, 0, 0, 13, 1159.02, 5627080, 1080, 0, 0
5252, 50, 862, 864, 1, 0, 34.77%, 0, 0, 13, 1152.45, 5634543, 1080, 0, 0
5257, 50, 864, 865, 1, 0, 34.77%, 0, 0, 13, 1156.06, 5640370, 1080, 0, 0
5262, 50, 46, 865, 0, 0, 34.77%, 0, 0, 13, 1158.19, 5646149, 1080, 0, 0
5267, 50, 864, 865, 0, 0, 34.77%, 0, 0, 13, 1127.40, 5651755, 1080, 0, 0
5272, 51, 692, 865, 0, 0, 34.77%, 0, 0, 13, 1171.66, 5657706, 1080, 0, 0
5277, 51, 542, 865, 0, 0, 34.77%, 0, 0, 13, 1071.35, 5661556, 1080, 0, 0
5282, 51, 546, 865, 0, 0, 34.77%, 0, 0, 13, 1079.26, 5667085, 1080, 0, 0
5287, 51, 764, 865, 0, 0, 34.77%, 0, 0, 13, 1144.77, 5672949, 1080, 0, 0
5292, 51, 232, 865, 0, 0, 34.77%, 0, 0, 13, 1172.98, 5678831, 1080, 0, 0
5297, 51, 864, 865, 0, 0, 34.77%, 0, 0, 13, 1120.31, 5684725, 1080, 0, 0
5302, 51, 833, 865, 0, 0, 34.77%, 0, 0, 13, 1123.36, 5690397, 1080, 0, 0
5307, 51, 46, 865, 0, 0, 34.77%, 0, 0, 13, 1150.05, 5696159, 1080, 0, 0
5313, 51, 549, 865, 0, 0, 34.77%, 0, 0, 13, 1109.59, 5702516, 1080, 0, 0
5318, 51, 708, 865, 0, 0, 34.77%, 0, 0, 13, 1155.17, 5708558, 1080, 0, 0
5324, 51, 355, 865, 0, 0, 34.77%, 0, 0, 13, 1150.35, 5714362, 1080, 0, 0
5329, 51, 860, 865, 0, 0, 34.77%, 0, 0, 13, 1118.94, 5719989, 1080, 0, 0
5334, 51, 136, 865, 0, 0, 34.77%, 0, 0, 13, 1127.83, 5725754, 1080, 0, 0
5339, 51, 39, 865, 0, 0, 34.77%, 0, 0, 13, 1137.79, 5731571, 1080, 0, 0
5344, 51, 739, 865, 0, 0, 34.77%, 0, 0, 13, 1125.81, 5737305, 1080, 0, 0
5349, 51, 413, 865, 0, 0, 34.77%, 0, 0, 13, 1159.23, 5743129, 1080, 0, 0
5354, 51, 356, 865, 0, 0, 34.77%, 0, 0, 13, 1151.44, 5749018, 1080, 0, 0
5359, 51, 14, 866, 1, 0, 34.77%, 0, 0, 13, 1148.48, 5754803, 1080, 0, 0
5364, 52, 468, 866, 1, 0, 34.77%, 0, 0, 13, 1109.78, 5760451, 1080, 0, 0
5369, 52, 535, 866, 1, 0, 34.77%, 0, 0, 13, 1112.01, 5766276, 1080, 0, 0
5374, 52, 356, 866, 1, 0, 34.77%, 0, 0, 13, 1120.31, 5771887, 1080, 0, 0
5379, 52, 230, 866, 1, 0, 34.77%, 0, 0, 13, 1138.47, 5777531, 1080, 0, 0
5384, 52, 319, 866, 1, 0, 34.77%, 0, 0, 13, 1143.43, 5783281, 1080, 0, 0
5389, 52, 181, 866, 1, 0, 34.77%, 0, 0, 13, 1131.12, 5788964, 1080, 0, 0
5394, 52, 856, 866, 1, 0, 34.77%, 0, 0, 13, 1153.49, 5794730, 1080, 0, 0
5399, 52, 554, 866, 1, 0, 34.77%, 0, 0, 13, 1110.07, 5800407, 1080, 0, 0
5404, 52, 860, 866, 1, 0, 34.77%, 0, 0, 13, 1108.93, 5805904, 1080, 0, 0
5409, 52, 146, 866, 1, 0, 34.77%, 0, 0, 13, 1119.46, 5811556, 1080, 0, 0
5414, 52, 838, 866, 1, 0, 34.77%, 0, 0, 13, 1151.93, 5817382, 1080, 0, 0
5419, 52, 589, 866, 1, 0, 34.77%, 0, 0, 13, 1145.08, 5823110, 1080, 0, 0
5424, 52, 214, 866, 1, 0, 34.77%, 0, 0, 13, 1146.31, 5828806, 1080, 0, 0
5429, 52, 707, 866, 1, 0, 34.77%, 0, 0, 13, 1182.29, 5834801, 1080, 0, 0
5435, 52, 349, 866, 1, 0, 34.77%, 0, 0, 13, 1118.60, 5840466, 1080, 0, 0
5440, 52, 860, 866, 1, 0, 34.77%, 0, 0, 13, 1093.06, 5846011, 1080, 0, 0
5445, 52, 771, 867, 2, 0, 34.77%, 0, 0, 13, 1150.53, 5851820, 1080, 0, 0
5450, 52, 517, 867, 1, 0, 34.77%, 0, 0, 13, 1149.88, 5857587, 1080, 0, 0
5455, 52, 780, 867, 0, 0, 34.77%, 0, 0, 13, 1196.71, 5863799, 1080, 0, 0
5461, 53, 633, 867, 0, 0, 34.77%, 0, 0, 13, 1155.11, 5870739, 1080, 0, 0
5466, 53, 819, 867, 0, 0, 34.77%, 0, 0, 13, 1101.43, 5876481, 1080, 0, 0
5472, 53, 490, 867, 0, 0, 34.77%, 0, 0, 13, 1133.62, 5882173, 1080, 0, 0
5477, 53, 467, 867, 0, 0, 34.77%, 0, 0, 13, 1164.07, 5888072, 1080, 0, 0
5482, 53, 847, 867, 0, 0, 34.77%, 0, 0, 13, 1125.38, 5892386, 1080, 0, 0
5487, 53, 304, 867, 0, 0, 34.77%, 0, 0, 13, 1175.66, 5898339, 1080, 0, 0
5492, 53, 38, 867, 0, 0, 34.77%, 0, 0, 13, 1087.61, 5903872, 1080, 0, 0
5497, 53, 759, 867, 0, 0, 34.77%, 0, 0, 13, 1131.77, 5909596, 1080, 0, 0
5502, 53, 138, 867, 0, 0, 34.77%, 0, 0, 13, 1136.67, 5915316, 1080, 0, 0
5509, 53, 703, 867, 0, 0, 34.77%, 0, 0, 13, 1167.78, 5923172, 1080, 0, 0
5514, 53, 805, 867, 0, 0, 34.77%, 0, 0, 13, 1180.12, 5929341, 1080, 0, 0
5519, 53, 717, 867, 0, 0, 34.77%, 0, 0, 13, 1177.80, 5935304, 1080, 0, 0
5524, 53, 319, 867, 0, 0, 34.77%, 0, 0, 13, 1166.30, 5941070, 1080, 0, 0
5529, 53, 584, 867, 0, 0, 34.77%, 0, 0, 13, 1204.28, 5947316, 1080, 0, 0
5534, 53, 620, 867, 0, 0, 34.77%, 0, 0, 13, 1189.78, 5953324, 1080, 0, 0
5539, 53, 770, 867, 0, 0, 34.77%, 0, 0, 13, 1082.35, 5958163, 1080, 0, 0
5544, 53, 780, 867, 0, 0, 34.77%, 0, 0, 13, 1159.47, 5964109, 1080, 0, 0
5549, 54, 14, 867, 0, 0, 34.77%, 0, 0, 13, 1168.05, 5970048, 1080, 0, 0
5554, 54, 470, 867, 0, 0, 34.77%, 0, 0, 13, 1190.04, 5976023, 1080, 0, 0
5559, 54, 490, 867, 0, 0, 34.77%, 0, 0, 13, 1135.61, 5981521, 1080, 0, 0
5564, 54, 204, 867, 0, 0, 34.77%, 0, 0, 13, 1162.17, 5987325, 1080, 0, 0
5569, 54, 514, 867, 0, 0, 34.77%, 0, 0, 13, 1137.25, 5993023, 1080, 0, 0
5574, 54, 615, 867, 0, 0, 34.77%, 0, 0, 13, 1147.32, 5998824, 1080, 0, 0
5580, 54, 101, 867, 0, 0, 34.77%, 0, 0, 13, 1165.72, 6004884, 1080, 0, 0
5585, 54, 348, 867, 0, 0, 34.77%, 0, 0, 13, 1172.10, 6010925, 1080, 0, 0
5590, 54, 808, 867, 0, 0, 34.77%, 0, 0, 13, 1155.08, 6016919, 1080, 0, 0
5595, 54, 565, 867, 0, 0, 34.77%, 0, 0, 13, 1121.39, 6022453, 1080, 0, 0
5600, 54, 554, 867, 0, 0, 34.77%, 0, 0, 13, 1154.48, 6028260, 1080, 0, 0
5605, 54, 358, 867, 0, 0, 34.77%, 0, 0, 13, 1088.12, 6032984, 1080, 0, 0
5610, 54, 595, 867, 0, 0, 34.77%, 0, 0, 13, 1129.40, 6038759, 1080, 0, 0
5615, 54, 287, 867, 0, 0, 34.77%, 0, 0, 13, 1135.60, 6044512, 1080, 0, 0
5620, 54, 798, 867, 0, 0, 34.77%, 0, 0, 13, 1115.97, 6050094, 1080, 0, 0
5625, 54, 806, 867, 0, 0, 34.77%, 0, 0, 13, 1129.66, 6055523, 1080, 0, 0
5630, 54, 332, 867, 0, 0, 34.77%, 0, 0, 13, 1127.76, 6061203, 1080, 0, 0
5635, 55, 336, 867, 0, 0, 34.77%, 0, 0, 13, 1098.30, 6066683, 1080, 0, 0
5640, 55, 542, 867, 0, 0, 34.77%, 0, 0, 13, 1121.00, 6072331, 1080, 0, 0
5646, 55, 603, 867, 0, 0, 34.77%, 0, 0, 13, 1157.31, 6078279, 1080, 0, 0
5651, 55, 581, 867, 0, 0, 34.77%, 0, 0, 13, 1145.11, 6084259, 1080, 0, 0
5656, 55, 696, 867, 0, 0, 34.77%, 0, 0, 13, 1124.02, 6089871, 1080, 0, 0
5661, 55, 516, 867, 0, 0, 34.77%, 0, 0, 13, 1158.66, 6095925, 1080, 0, 0
5666, 55, 792, 867, 0, 0, 34.77%, 0, 0, 13, 1161.57, 6101805, 1080, 0, 0
5672, 55, 100, 867, 0, 0, 34.77%, 0, 0, 13, 1183.03, 6108570, 1080, 0, 0
5677, 55, 223, 867, 0, 0, 34.77%, 0, 0, 13, 1124.64, 6114402, 1080, 0, 0
5682, 55, 351, 868, 1, 0, 34.77%, 0, 0, 13, 1124.83, 6120031, 1080, 0, 0
5687, 55, 470, 868, 1, 0, 34.77%, 0, 0, 13, 1166.70, 6126150, 1080, 0, 0
5693, 55, 695, 868, 1, 0, 34.77%, 0, 0, 13, 1165.91, 6132722, 1080, 0, 0
5698, 55, 644, 868, 1, 0, 34.77%, 0, 0, 13, 1167.36, 6138595, 1080, 0, 0
5703, 55, 623, 868, 1, 0, 34.77%, 0, 0, 13, 1147.72, 6144804, 1080, 0, 0
5708, 55, 207, 868, 1, 0, 34.77%, 0, 0, 13, 1186.23, 6151050, 1080, 0, 0
5713, 55, 542, 868, 1, 0, 34.77%, 0, 0, 13, 1178.87, 6156919, 1080, 0, 0
5719, 55, 710, 868, 1, 0, 34.77%, 0, 0, 13, 1158.43, 6163656, 1080, 0, 0
5724, 55, 778, 868, 1, 0, 34.77%, 0, 0, 13, 1165.46, 6169794, 1080, 0, 0
5730, 56, 867, 869, 2, 0, 34.77%, 0, 0, 13, 1045.96, 6174904, 1080, 0, 0
5735, 56, 14, 869, 1, 0, 34.77%, 0, 0, 13, 1170.29, 6180800, 1080, 0, 0
5740, 56, 437, 869, 1, 0, 34.77%, 0, 0, 13, 1171.38, 6186750, 1080, 0, 0
5745, 56, 545, 869, 1, 0, 34.77%, 0, 0, 13, 1182.49, 6192672, 1080, 0, 0
5750, 56, 206, 869, 1, 0, 34.77%, 0, 0, 13, 1137.01, 6198015, 1080, 0, 0
5755, 56, 164, 869, 1, 0, 34.77%, 0, 0, 13, 1140.51, 6203905, 1080, 0, 0
5760, 56, 629, 869, 1, 0, 34.77%, 0, 0, 13, 1156.52, 6209696, 1080, 0, 0
5765, 56, 739, 869, 1, 0, 34.77%, 0, 0, 13, 1176.47, 6215554, 1080, 0, 0
5770, 56, 453, 869, 1, 0, 34.77%, 0, 0, 13, 1146.16, 6221276, 1080, 0, 0
5775, 56, 611, 869, 1, 0, 34.77%, 0, 0, 13, 1159.90, 6227326, 1080, 0, 0
5780, 56, 136, 869, 1, 0, 34.77%, 0, 0, 13, 1124.48, 6232850, 1080, 0, 0
5785, 56, 851, 869, 1, 0, 34.77%, 0, 0, 13, 1140.09, 6238726, 1080, 0, 0
5790, 56, 536, 869, 1, 0, 34.77%, 0, 0, 13, 1133.82, 6243923, 1080, 0, 0
5796, 56, 356, 869, 1, 0, 34.77%, 0, 0, 13, 1102.50, 6249646, 1080, 0, 0
5801, 56, 377, 869, 1, 0, 34.77%, 0, 0, 13, 1145.27, 6255565, 1080, 0, 0
5807, 56, 799, 869, 1, 0, 34.77%, 0, 0, 13, 1162.09, 6262449, 1080, 0, 0
5812, 56, 181, 869, 1, 0, 34.77%, 0, 0, 13, 1165.12, 6268382, 1080, 0, 0
5817, 56, 138, 869, 0, 0, 34.77%, 0, 0, 13, 1045.63, 6273617, 1080, 0, 0
5822, 57, 39, 869, 0, 0, 34.77%, 0, 0, 13, 1134.98, 6279640, 1080, 0, 0
5827, 57, 332, 869, 0, 0, 34.77%, 0, 0, 13, 1129.97, 6285483, 1080, 0, 0
5833, 57, 124, 869, 0, 0, 34.77%, 0, 0, 13, 1158.92, 6291416, 1080, 0, 0
5838, 57, 839, 870, 1, 0, 34.77%, 0, 0, 13, 1124.91, 6297212, 1080, 0, 0
5843, 57, 490, 870, 1, 0, 34.77%, 0, 0, 13, 1143.87, 6302929, 1080, 0, 0
5848, 57, 356, 870, 1, 0, 34.77%, 0, 0, 13, 1165.07, 6308938, 1080, 0, 0
5853, 57, 453, 870, 1, 0, 34.77%, 0, 0, 13, 1141.87, 6314587, 1080, 0, 0
5858, 57, 31, 870, 1, 0, 34.77%, 0, 0, 13, 1122.38, 6320354, 1080, 0, 0
5863, 57, 730, 870, 1, 0, 34.77%, 0, 0, 13, 1158.19, 6326137, 1080, 0, 0
5869, 57, 807, 870, 1, 0, 34.77%, 0, 0, 13, 1174.76, 6333566, 1080, 0, 0
5875, 57, 193, 870, 1, 0, 34.77%, 0, 0, 13, 1178.86, 6339520, 1080, 0, 0
5880, 57, 554, 870, 1, 0, 34.77%, 0, 0, 13, 1143.93, 6345312, 1080, 0, 0
5885, 57, 579, 870, 1, 0, 34.77%, 0, 0, 13, 1146.91, 6351190, 1080, 0, 0
5890, 57, 603, 870, 1, 0, 34.77%, 0, 0, 13, 1095.07, 6356942, 1080, 0, 0
5895, 57, 43, 870, 1, 0, 34.77%, 0, 0, 13, 1129.75, 6362897, 1080, 0, 0
5900, 57, 381, 870, 1, 0, 34.77%, 0, 0, 13, 1155.42, 6368775, 1080, 0, 0
5905, 57, 352, 870, 1, 0, 34.77%, 0, 0, 13, 1144.87, 6374702, 1080, 0, 0
5911, 57, 163, 870, 1, 0, 34.77%, 0, 0, 13, 1129.14, 6380480, 1080, 0, 0
5917, 58, 864, 870, 1, 0, 34.77%, 0, 0, 13, 1166.00, 6387689, 1080, 0, 0
5922, 58, 31, 870, 1, 0, 34.77%, 0, 0, 13, 1173.71, 6393662, 1080, 0, 0
5927, 58, 355, 870, 1, 0, 34.77%, 0, 0, 13, 1136.97, 6399405, 1080, 0, 0
5932, 58, 731, 870, 1, 0, 34.77%, 0, 0, 13, 1156.09, 6405177, 1080, 0, 0
5937, 58, 261, 870, 0, 0, 34.77%, 0, 0, 13, 1199.25, 6411429, 1080, 0, 0
5942, 58, 203, 870, 0, 0, 34.77%, 0, 0, 13, 1167.90, 6417300, 1080, 0, 0
5947, 58, 620, 870, 0, 0, 34.77%, 0, 0, 13, 1167.30, 6423200, 1080, 0, 0
5952, 58, 145, 870, 0, 0, 34.77%, 0, 0, 13, 1148.33, 6428895, 1080, 0, 0
5957, 58, 707, 870, 0, 0, 34.77%, 0, 0, 13, 1170.68, 6434889, 1080, 0, 0
5962, 58, 357, 870, 0, 0, 34.77%, 0, 0, 13, 1169.05, 6440722, 1080, 0, 0
5967, 58, 862, 870, 0, 0, 34.77%, 0, 0, 13, 1168.14, 6446532, 1080, 0, 0
5973, 58, 542, 870, 0, 0, 34.77%, 0, 0, 13, 1178.20, 6452373, 1080, 0, 0
5978, 58, 43, 870, 0, 0, 34.77%, 0, 0, 13, 1166.98, 6458253, 1080, 0, 0
5983, 58, 158, 870, 0, 0, 34.77%, 0, 0, 13, 1134.46, 6464081, 1080, 0, 0
5988, 58, 483, 870, 0, 0, 34.77%, 0, 0, 13, 1125.46, 6469820, 1080, 0, 0
5993, 58, 462, 870, 0, 0, 34.77%, 0, 0, 13, 1150.09, 6475579, 1080, 0, 0
5998, 58, 729, 870, 0, 0, 34.77%, 0, 0, 13, 1168.06, 6481640, 1080, 0, 0
6003, 58, 206, 870, 0, 0, 34.77%, 0, 0, 13, 1192.66, 6487477, 1080, 0, 0
6008, 59, 479, 870, 0, 0, 34.77%, 0, 0, 13, 1189.36, 6493524, 1080, 0, 0
6013, 59, 575, 870, 0, 0, 34.77%, 0, 0, 13, 1156.57, 6499302, 1080, 0, 0
6019, 59, 863, 870, 0, 0, 34.77%, 0, 0, 13, 1141.92, 6505977, 1080, 0, 0
6024, 59, 727, 870, 0, 0, 34.77%, 0, 0, 13, 1183.78, 6512138, 1080, 0, 0
6029, 59, 308, 871, 1, 0, 34.77%, 0, 0, 13, 1138.39, 6517916, 1080, 0, 0
6034, 59, 318, 871, 1, 0, 34.77%, 0, 0, 13, 1143.90, 6523713, 1080, 0, 0
6040, 59, 459, 871, 0, 0, 34.77%, 0, 0, 13, 1150.09, 6530509, 1080, 0, 0
6045, 59, 152, 871, 0, 0, 34.77%, 0, 0, 13, 1152.14, 6536366, 1080, 0, 0
6051, 59, 787, 871, 0, 0, 34.77%, 0, 0, 13, 1167.93, 6542426, 1080, 0, 0
6056, 59, 438, 871, 0, 0, 34.77%, 0, 0, 13, 1168.46, 6549017, 1080, 0, 0
6061, 59, 856, 871, 0, 0, 34.77%, 0, 0, 13, 1133.56, 6554724, 1080, 0, 0
6066, 59, 603, 871, 0, 0, 34.77%, 0, 0, 13, 1155.10, 6560575, 1080, 0, 0
6071, 59, 113, 871, 0, 0, 34.77%, 0, 0, 13, 1146.36, 6566328, 1080, 0, 0
6076, 59, 48, 871, 0, 0, 34.77%, 0, 0, 13, 1145.03, 6572077, 1080, 0, 0
6081, 59, 231, 871, 0, 0, 34.77%, 0, 0, 13, 1190.73, 6578035, 1080, 0, 0
6087, 59, 629, 871, 0, 0, 34.77%, 0, 0, 13, 1119.44, 6583912, 1080, 0, 0
6092, 59, 589, 871, 0, 0, 34.77%, 0, 0, 13, 1151.27, 6589679, 1080, 0, 0
6097, 59, 511, 871, 0, 0, 34.77%, 0, 0, 13, 1158.55, 6595621, 1080, 0, 0
6102, 60, 229, 871, 0, 0, 34.77%, 0, 0, 13, 1144.97, 6601415, 1080, 0, 0
6108, 60, 252, 871, 0, 0, 34.77%, 0, 0, 13, 1095.87, 6608349, 1080, 0, 0
6113, 60, 91, 871, 0, 0, 34.77%, 0, 0, 13, 1132.52, 6614102, 1080, 0, 0
6118, 60, 145, 871, 0, 0, 34.77%, 0, 0, 13, 1144.16, 6619896, 1080, 0, 0
6123, 60, 770, 871, 0, 0, 34.77%, 0, 0, 13, 1166.35, 6625774, 1080, 0, 0
6129, 60, 508, 871, 0, 0, 34.77%, 0, 0, 13, 1142.70, 6631372, 1080, 0, 0
6134, 60, 349, 871, 0, 0, 34.77%, 0, 0, 13, 1144.36, 6637132, 1080, 0, 0
6139, 60, 48, 871, 0, 0, 34.77%, 0, 0, 13, 1146.95, 6642922, 1080, 0, 0
6144, 60, 357, 871, 0, 0, 34.77%, 0, 0, 13, 1146.84, 6648925, 1080, 0, 0
6149, 60, 611, 871, 0, 0, 34.77%, 0, 0, 13, 1160.67, 6654805, 1080, 0, 0
6154, 60, 181, 872, 1, 0, 34.77%, 0, 0, 13, 1186.26, 6660707, 1080, 0, 0
6159, 60, 766, 872, 1, 0, 34.77%, 0, 0, 13, 1172.50, 6666565, 1080, 0, 0
6164, 60, 562, 873, 1, 0, 34.77%, 0, 0, 13, 1185.11, 6672490, 1080, 0, 0
6169, 60, 655, 874, 1, 0, 34.77%, 0, 0, 13, 1141.37, 6678391, 1080, 0, 0
6174, 60, 741, 874, 1, 0, 34.77%, 0, 0, 13, 1181.17, 6684738, 1080, 0, 0
6180, 60, 871, 874, 1, 0, 34.77%, 0, 0, 13, 1152.90, 6691397, 1080, 0, 0
6185, 60, 145, 874, 0, 0, 34.77%, 0, 0, 13, 1155.87, 6697271, 1080, 0, 0
6190, 60, 856, 874, 0, 0, 34.77%, 0, 0, 13, 1134.18, 6703035, 1080, 0, 0
6195, 61, 352, 874, 0, 0, 34.77%, 0, 0, 13, 1135.40, 6708569, 1080, 0, 0
6200, 61, 330, 874, 0, 0, 34.77%, 0, 0, 13, 1161.90, 6714431, 1080, 0, 0
6205, 61, 422, 874, 0, 0, 34.77%, 0, 0, 13, 1205.88, 6720728, 1080, 0, 0
6210, 61, 760, 874, 0, 0, 34.77%, 0, 0, 13, 1141.27, 6726422, 1080, 0, 0
6216, 61, 449, 874, 0, 0, 34.77%, 0, 0, 13, 1141.04, 6732240, 1080, 0, 0
6221, 61, 692, 874, 0, 0, 34.77%, 0, 0, 13, 1133.96, 6737875, 1080, 0, 0
6226, 61, 770, 874, 0, 0, 34.77%, 0, 0, 13, 1159.58, 6743811, 1080, 0, 0
6231, 61, 632, 874, 0, 0, 34.77%, 0, 0, 13, 1134.47, 6749549, 1080, 0, 0
6236, 61, 678, 874, 0, 0, 34.77%, 0, 0, 13, 1121.60, 6755203, 1080, 0, 0
6241, 61, 448, 874, 0, 0, 34.77%, 0, 0, 13, 1164.64, 6760990, 1080, 0, 0
6248, 61, 62, 874, 0, 0, 34.77%, 0, 0, 13, 1164.05, 6768931, 1080, 0, 0
6253, 61, 856, 874, 0, 0, 34.77%, 0, 0, 13, 1185.93, 6774930, 1080, 0, 0
6258, 61, 542, 874, 0, 0, 34.77%, 0, 0, 13, 1130.67, 6780497, 1080, 0, 0
6263, 61, 448, 874, 0, 0, 34.77%, 0, 0, 13, 1142.95, 6786153, 1080, 0, 0
6269, 61, 849, 874, 0, 0, 34.77%, 0, 0, 13, 1126.66, 6792416, 1080, 0, 0
6274, 61, 309, 874, 0, 0, 34.77%, 0, 0, 13, 1180.34, 6798435, 1080, 0, 0
6279, 61, 181, 874, 0, 0, 34.77%, 0, 0, 13, 1160.38, 6804408, 1080, 0, 0
6284, 62, 353, 874, 0, 0, 34.77%, 0, 0, 13, 1125.06, 6810060, 1080, 0, 0
6289, 62, 846, 874, 0, 0, 34.77%, 0, 0, 13, 1134.10, 6815751, 1080, 0, 0
6295, 62, 406, 874, 0, 0, 34.77%, 0, 0, 13, 1117.41, 6821272, 1080, 0, 0
6301, 62, 846, 874, 0, 0, 34.77%, 0, 0, 13, 1146.38, 6827091, 1080, 0, 0
6306, 62, 453, 874, 0, 0, 34.77%, 0, 0, 13, 1165.71, 6832989, 1080, 0, 0
6311, 62, 183, 874, 0, 0, 34.77%, 0, 0, 13, 1173.26, 6838852, 1080, 0, 0
6316, 62, 756, 874, 0, 0, 34.77%, 0, 0, 13, 858.06, 6844476, 1080, 0, 0
6321, 62, 353, 874, 0, 0, 34.77%, 0, 0, 13, 1107.48, 6850553, 1080, 0, 0
6326, 62, 792, 874, 0, 0, 34.77%, 0, 0, 13, 1140.50, 6856508, 1080, 0, 0
6331, 62, 152, 874, 0, 0, 34.77%, 0, 0, 13, 1181.72, 6862700, 1080, 0, 0
6336, 62, 126, 874, 0, 0, 34.77%, 0, 0, 13, 1159.94, 6868554, 1080, 0, 0
6341, 62, 545, 874, 0, 0, 34.77%, 0, 0, 13, 1108.72, 6874234, 1080, 0, 0
6346, 62, 545, 874, 0, 0, 34.77%, 0, 0, 13, 1130.34, 6880037, 1080, 0, 0
6353, 62, 803, 874, 0, 0, 34.77%, 0, 0, 13, 1134.50, 6887011, 1080, 0, 0
6358, 62, 603, 874, 0, 0, 34.77%, 0, 0, 13, 1086.75, 6892599, 1080, 0, 0
6363, 62, 219, 874, 0, 0, 34.77%, 0, 0, 13, 1142.00, 6898430, 1080, 0, 0
6368, 62, 531, 874, 0, 0, 34.77%, 0, 0, 13, 1145.04, 6904414, 1080, 0, 0
6373, 62, 804, 874, 0, 0, 34.77%, 0, 0, 13, 1148.35, 6910150, 1080, 0, 0
6378, 63, 554, 874, 0, 0, 34.77%, 0, 0, 13, 1153.42, 6916044, 1080, 0, 0
6383, 63, 470, 874, 0, 0, 34.77%, 0, 0, 13, 1126.92, 6921652, 1080, 0, 0
6388, 63, 437, 874, 0, 0, 34.77%, 0, 0, 13, 1088.63, 6927110, 1080, 0, 0
6393, 63, 184, 874, 0, 0, 34.77%, 0, 0, 13, 1160.84, 6933091, 1080, 0, 0
6398, 63, 291, 874, 0, 0, 34.77%, 0, 0, 13, 1150.78, 6938893, 1080, 0, 0
6403, 63, 416, 874, 0, 0, 34.77%, 0, 0, 13, 1165.95, 6944796, 1080, 0, 0
6409, 63, 544, 874, 0, 0, 34.77%, 0, 0, 13, 1183.02, 6951688, 1080, 0, 0
6414, 63, 64, 874, 0, 0, 34.77%, 0, 0, 13, 1153.16, 6957480, 1080, 0, 0
6420, 63, 231, 874, 0, 0, 34.77%, 0, 0, 13, 1156.02, 6963471, 1080, 0, 0
6425, 63, 436, 874, 0, 0, 34.77%, 0, 0, 13, 1151.75, 6969386, 1080, 0, 0
6430, 63, 139, 874, 0, 0, 34.77%, 0, 0, 13, 1139.62, 6975210, 1080, 0, 0
6435, 63, 94, 874, 0, 0, 34.77%, 0, 0, 13, 1181.71, 6981286, 1080, 0, 0
6440, 63, 127, 874, 0, 0, 34.77%, 0, 0, 13, 1136.18, 6987157, 1080, 0, 0
6445, 63, 141, 875, 1, 0, 34.77%, 0, 0, 13, 1169.54, 6993256, 1080, 0, 0
6450, 63, 603, 875, 1, 0, 34.77%, 0, 0, 13, 1180.89, 6999288, 1080, 0, 0
6455, 63, 730, 875, 1, 0, 34.77%, 0, 0, 13, 1177.54, 7005436, 1080, 0, 0
6461, 63, 874, 875, 1, 0, 34.77%, 0, 0, 13, 1159.10, 7011446, 1080, 0, 0
6466, 63, 677, 875, 0, 0, 34.77%, 0, 0, 13, 1092.33, 7017042, 1080, 0, 0
6471, 64, 46, 875, 0, 0, 34.77%, 0, 0, 13, 1127.90, 7022769, 1080, 0, 0
6476, 64, 122, 875, 0, 0, 34.77%, 0, 0, 13, 1128.03, 7028505, 1080, 0, 0
6481, 64, 531, 875, 0, 0, 34.77%, 0, 0, 13, 1192.26, 7034478, 1080, 0, 0
6486, 64, 835, 875, 0, 0, 34.77%, 0, 0, 13, 1181.76, 7040506, 1080, 0, 0
6491, 64, 140, 875, 0, 0, 34.77%, 0, 0, 13, 1163.23, 7046154, 1080, 0, 0
6496, 64, 510, 875, 0, 0, 34.77%, 0, 0, 13, 1167.03, 7051948, 1080, 0, 0
6501, 64, 546, 875, 0, 0, 34.77%, 0, 0, 13, 1176.40, 7057833, 1080, 0, 0
6506, 64, 239, 875, 0, 0, 34.77%, 0, 0, 13, 1165.01, 7063733, 1080, 0, 0
6511, 64, 356, 876, 1, 0, 34.77%, 0, 0, 13, 1160.20, 7069656, 1080, 0, 0
6517, 64, 205, 876, 1, 0, 34.77%, 0, 0, 13, 1155.11, 7075682, 1080, 0, 0
6522, 64, 748, 876, 1, 0, 34.77%, 0, 0, 13, 1152.41, 7081573, 1080, 0, 0
6527, 64, 490, 876, 1, 0, 34.77%, 0, 0, 13, 1170.55, 7087512, 1080, 0, 0
6532, 64, 58, 876, 1, 0, 34.77%, 0, 0, 13, 1138.91, 7093318, 1080, 0, 0
6537, 64, 797, 876, 1, 0, 34.77%, 0, 0, 13, 1119.26, 7099081, 1080, 0, 0
6542, 64, 510, 876, 0, 0, 34.77%, 0, 0, 13, 1186.92, 7105545, 1080, 0, 0
6547, 64, 164, 876, 0, 0, 34.77%, 0, 0, 13, 1184.82, 7111462, 1080, 0, 0
6552, 64, 846, 876, 0, 0, 34.77%, 0, 0, 13, 1156.10, 7117318, 1080, 0, 0
6557, 64, 75, 876, 0, 0, 34.77%, 0, 0, 13, 1150.98, 7123094, 1080, 0, 0
6563, 65, 792, 876, 0, 0, 34.77%, 0, 0, 13, 1141.78, 7128743, 1080, 0, 0
6568, 65, 554, 877, 1, 0, 34.77%, 0, 0, 13, 1135.60, 7134652, 1080, 0, 0
6573, 65, 847, 877, 0, 0, 34.77%, 0, 0, 13, 1142.16, 7140348, 1080, 0, 0
6578, 65, 201, 877, 0, 0, 34.77%, 0, 0, 13, 1157.85, 7146400, 1080, 0, 0
6585, 65, 655, 877, 0, 0, 34.77%, 0, 0, 13, 1155.82, 7154244, 1080, 0, 0
6590, 65, 649, 877, 0, 0, 34.77%, 0, 0, 13, 1149.78, 7159976, 1080, 0, 0
6595, 65, 585, 877, 0, 0, 34.77%, 0, 0, 13, 1150.04, 7165791, 1080, 0, 0
6600, 65, 787, 877, 0, 0, 34.77%, 0, 0, 13, 1168.63, 7171831, 1080, 0, 0
6605, 65, 118, 877, 0, 0, 34.77%, 0, 0, 13, 1105.13, 7177439, 1080, 0, 0
6611, 65, 735, 877, 0, 0, 34.77%, 0, 0, 13, 1118.43, 7183686, 1080, 0, 0
6616, 65, 353, 877, 0, 0, 34.77%, 0, 0, 13, 1141.40, 7189658, 1080, 0, 0
6621, 65, 134, 877, 0, 0, 34.77%, 0, 0, 13, 1128.66, 7195258, 1080, 0, 0
6626, 65, 353, 877, 0, 0, 34.77%, 0, 0, 13, 1135.83, 7200983, 1080, 0, 0
6631, 65, 589, 877, 0, 0, 34.77%, 0, 0, 13, 1144.64, 7206907, 1080, 0, 0
6636, 65, 515, 877, 0, 0, 34.77%, 0, 0, 13, 1169.12, 7212805, 1080, 0, 0
6641, 65, 770, 877, 0, 0, 34.77%, 0, 0, 13, 1138.94, 7218464, 1080, 0, 0
6646, 65, 876, 877, 0, 0, 34.77%, 0, 0, 13, 1127.90, 7224029, 1080, 0, 0
6651, 66, 32, 877, 0, 0, 34.77%, 0, 0, 13, 1125.71, 7229749, 1080, 0, 0
6656, 66, 730, 877, 0, 0, 34.77%, 0, 0, 13, 1188.20, 7235828, 1080, 0, 0
6661, 66, 561, 877, 0, 0, 34.77%, 0, 0, 13, 1151.46, 7241692, 1080, 0, 0
6668, 66, 791, 877, 0, 0, 34.77%, 0, 0, 13, 1177.14, 7249676, 1080, 0, 0
6673, 66, 43, 877, 0, 0, 34.77%, 0, 0, 13, 1180.83, 7255474, 1080, 0, 0
6678, 66, 199, 877, 0, 0, 34.77%, 0, 0, 13, 1156.25, 7261397, 1080, 0, 0
6683, 66, 846, 877, 0, 0, 34.77%, 0, 0, 13, 1164.96, 7267199, 1080, 0, 0
6688, 66, 354, 877, 0, 0, 34.77%, 0, 0, 13, 1127.43, 7273071, 1080, 0, 0
6693, 66, 404, 877, 0, 0, 34.77%, 0, 0, 13, 1098.47, 7278604, 1080, 0, 0
6699, 66, 321, 877, 0, 0, 34.77%, 0, 0, 13, 1120.44, 7285539, 1080, 0, 0
6705, 66, 546, 877, 0, 0, 34.77%, 0, 0, 13, 1176.49, 7291710, 1080, 0, 0
6710, 66, 833, 877, 0, 0, 34.77%, 0, 0, 13, 1180.16, 7297647, 1080, 0, 0
6715, 66, 46, 877, 0, 0, 34.77%, 0, 0, 13, 1096.83, 7303262, 1080, 0, 0
6721, 66, 520, 877, 0, 0, 34.77%, 0, 0, 13, 1154.20, 7310236, 1080, 0, 0
6726, 66, 140, 877, 0, 0, 34.77%, 0, 0, 13, 1168.09, 7316184, 1080, 0, 0
6731, 66, 216, 877, 0, 0, 34.77%, 0, 0, 13, 1178.29, 7322301, 1080, 0, 0
6736, 66, 422, 877, 0, 0, 34.77%, 0, 0, 13, 1162.01, 7328176, 1080, 0, 0
6743, 66, 877, 878, 1, 0, 34.77%, 0, 0, 13, 1045.82, 7335169, 1080, 0, 0
6748, 67, 700, 878, 0, 0, 34.77%, 0, 0, 13, 1151.16, 7341211, 1080, 0, 0
6753, 67, 556, 878, 0, 0, 34.77%, 0, 0, 13, 1176.56, 7347119, 1080, 0, 0
6758, 67, 77, 878, 0, 0, 34.77%, 0, 0, 13, 1169.90, 7353018, 1080, 0, 0
6763, 67, 792, 878, 0, 0, 34.77%, 0, 0, 13, 1103.31, 7358431, 1080, 0, 0
6769, 67, 787, 878, 0, 0, 34.77%, 0, 0, 13, 1153.95, 7364442, 1080, 0, 0
6774, 67, 697, 878, 0, 0, 34.77%, 0, 0, 13, 1208.85, 7370958, 1080, 0, 0
6779, 67, 319, 878, 0, 0, 34.77%, 0, 0, 13, 1191.45, 7377002, 1080, 0, 0
6784, 67, 233, 878, 0, 0, 34.77%, 0, 0, 13, 1174.05, 7382939, 1080, 0, 0
6789, 67, 557, 878, 0, 0, 34.77%, 0, 0, 13, 1178.67, 7389152, 1080, 0, 0
6794, 67, 676, 878, 0, 0, 34.77%, 0, 0, 13, 1138.39, 7394984, 1080, 0, 0
6800, 67, 353, 878, 0, 0, 34.77%, 0, 0, 13, 1155.37, 7400914, 1080, 0, 0
6805, 67, 126, 878, 0, 0, 34.77%, 0, 0, 13, 1178.84, 7406975, 1080, 0, 0
6810, 67, 846, 878, 0, 0, 34.77%, 0, 0, 13, 1177.16, 7412903, 1080, 0, 0
6815, 67, 824, 878, 0, 0, 34.77%, 0, 0, 13, 1132.58, 7418891, 1080, 0, 0
6820, 67, 78, 878, 0, 0, 34.77%, 0, 0, 13, 1168.10, 7424915, 1080, 0, 0
6825, 67, 614, 878, 0, 0, 34.77%, 0, 0, 13, 1142.27, 7430762, 1080, 0, 0
6830, 67, 778, 878, 0, 0, 34.77%, 0, 0, 13, 1148.81, 7436637, 1080, 0, 0
6836, 67, 218, 878, 0, 0, 34.77%, 0, 0, 13, 1164.59, 7442701, 1080, 0, 0
6841, 68, 585, 878, 0, 0, 34.77%, 0, 0, 13, 1164.57, 7448520, 1080, 0, 0
6846, 68, 316, 878, 0, 0, 34.77%, 0, 0, 13, 1176.63, 7455189, 1080, 0, 0
6851, 68, 770, 878, 0, 0, 34.77%, 0, 0, 13, 1178.21, 7461265, 1080, 0, 0
6857, 68, 770, 878, 0, 0, 34.77%, 0, 0, 13, 1149.44, 7467230, 1080, 0, 0
6862, 68, 579, 878, 0, 0, 34.77%, 0, 0, 13, 1094.83, 7472679, 1080, 0, 0
6867, 68, 778, 878, 0, 0, 34.77%, 0, 0, 13, 1142.50, 7478383, 1080, 0, 0
6872, 68, 31, 878, 0, 0, 34.77%, 0, 0, 13, 1159.46, 7484440, 1080, 0, 0
6877, 68, 692, 878, 0, 0, 34.77%, 0, 0, 13, 1127.38, 7490074, 1080, 0, 0
6882, 68, 768, 878, 0, 0, 34.77%, 0, 0, 13, 1128.98, 7495701, 1080, 0, 0
6887, 68, 654, 878, 0, 0, 34.77%, 0, 0, 13, 1146.71, 7501553, 1080, 0, 0
6892, 68, 357, 878, 0, 0, 34.77%, 0, 0, 13, 1115.24, 7507148, 1080, 0, 0
6898, 68, 778, 878, 0, 0, 34.77%, 0, 0, 13, 1166.61, 7513293, 1080, 0, 0
6903, 68, 394, 878, 0, 0, 34.77%, 0, 0, 13, 1151.02, 7519066, 1080, 0, 0
6908, 68, 90, 878, 0, 0, 34.77%, 0, 0, 13, 1127.47, 7524675, 1080, 0, 0
6913, 68, 520, 878, 0, 0, 34.77%, 0, 0, 13, 1134.91, 7530316, 1080, 0, 0
6918, 68, 654, 878, 0, 0, 34.77%, 0, 0, 13, 1178.36, 7536645, 1080, 0, 0
6923, 68, 468, 878, 0, 0, 34.77%, 0, 0, 13, 1178.99, 7542612, 1080, 0, 0
6928, 68, 164, 878, 0, 0, 34.77%, 0, 0, 13, 1123.91, 7548320, 1080, 0, 0
6933, 69, 760, 878, 0, 0, 34.77%, 0, 0, 13, 1156.57, 7554039, 1080, 0, 0
6938, 69, 453, 878, 0, 0, 34.77%, 0, 0, 13, 1195.69, 7560107, 1080, 0, 0
6944, 69, 538, 878, 0, 0, 34.77%, 0, 0, 13, 1167.20, 7566692, 1080, 0, 0
6949, 69, 139, 878, 0, 0, 34.77%, 0, 0, 13, 1140.64, 7572542, 1080, 0, 0
6954, 69, 632, 878, 0, 0, 34.77%, 0, 0, 13, 1178.93, 7578675, 1080, 0, 0
6960, 69, 193, 878, 0, 0, 34.77%, 0, 0, 13, 1172.10, 7584746, 1080, 0, 0
6965, 69, 857, 878, 0, 0, 34.77%, 0, 0, 13, 1143.72, 7590547, 1080, 0, 0
6971, 69, 848, 878, 0, 0, 34.77%, 0, 0, 13, 1156.26, 7597679, 1080, 0, 0
6976, 69, 355, 878, 0, 0, 34.77%, 0, 0, 13, 1198.59, 7603775, 1080, 0, 0
6981, 69, 846, 878, 0, 0, 34.77%, 0, 0, 13, 1168.91, 7609600, 1080, 0, 0
6986, 69, 405, 878, 0, 0, 34.77%, 0, 0, 13, 1158.93, 7615285, 1080, 0, 0
6991, 69, 678, 878, 0, 0, 34.77%, 0, 0, 13, 1150.22, 7621027, 1080, 0, 0
6996, 69, 693, 878, 0, 0, 34.77%, 0, 0, 13, 1172.24, 7626856, 1080, 0, 0
7001, 69, 760, 878, 0, 0, 34.77%, 0, 0, 13, 1172.38, 7632604, 1080, 0, 0
7007, 69, 474, 878, 0, 0, 34.77%, 0, 0, 13, 1116.88, 7638777, 1080, 0, 0
7012, 69, 856, 878, 0, 0, 34.77%, 0, 0, 13, 1152.53, 7644767, 1080, 0, 0
7017, 69, 808, 878, 0, 0, 34.77%, 0, 0, 13, 1159.21, 7650801, 1080, 0, 0
7022, 70, 564, 878, 0, 0, 34.77%, 0, 0, 13, 1188.96, 7656882, 1080, 0, 0
7027, 70, 760, 878, 0, 0, 34.77%, 0, 0, 13, 1202.19, 7662855, 1080, 0, 0
7032, 70, 292, 878, 0, 0, 34.77%, 0, 0, 13, 1138.56, 7668455, 1080, 0, 0
7037, 70, 36, 878, 0, 0, 34.77%, 0, 0, 13, 1137.97, 7674198, 1080, 0, 0
7043, 70, 620, 878, 0, 0, 34.77%, 0, 0, 13, 982.89, 7679366, 1080, 0, 0
7048, 70, 804, 878, 0, 0, 34.77%, 0, 0, 13, 937.42, 7684252, 1080, 0, 0
7053, 70, 572, 878, 0, 0, 34.77%, 0, 0, 13, 1077.37, 7690376, 1080, 0, 0
7058, 70, 318, 878, 0, 0, 34.77%, 0, 0, 13, 1099.74, 7696095, 1080, 0, 0
7063, 70, 193, 878, 0, 0, 34.77%, 0, 0, 13, 1066.90, 7701343, 1080, 0, 0
7069, 70, 7, 878, 0, 0, 34.77%, 0, 0, 13, 1012.78, 7706912, 1080, 0, 0
7074, 70, 739, 878, 0, 0, 34.77%, 0, 0, 13, 255.87, 7712370, 1080, 0, 0
7079, 70, 148, 878, 0, 0, 34.77%, 0, 0, 13, 909.19, 7718129, 1080, 0, 0
7084, 70, 687, 878, 0, 0, 34.77%, 0, 0, 13, 1076.50, 7723755, 1080, 0, 0
7089, 70, 299, 878, 0, 0, 34.77%, 0, 0, 13, 1084.97, 7729336, 1080, 0, 0
7094, 70, 732, 878, 0, 0, 34.77%, 0, 0, 13, 1118.65, 7735080, 1080, 0, 0
7099, 70, 207, 878, 0, 0, 34.77%, 0, 0, 13, 1143.34, 7740952, 1080, 0, 0
7105, 70, 126, 878, 0, 0, 34.77%, 0, 0, 13, 1130.07, 7746807, 1080, 0, 0
7111, 70, 606, 878, 0, 0, 34.77%, 0, 0, 13, 1109.97, 7753398, 1080, 0, 0
7111, 70, 509, 878, 0, 0, 34.77%, 0, 0, 13, 1116.14, 7753895, 1080, 0, 0
