# relative_time, cycles_done, cur_item, corpus_count, pending_total, pending_favs, map_size, saved_crashes, saved_hangs, max_depth, execs_per_sec, total_execs, edges_found, total_crashes, servers_count
61, 0, 9, 278, 269, 119, 3.87%, 0, 0, 2, 1303.66, 81741, 2538, 0, 0
67, 0, 14, 288, 275, 120, 3.87%, 0, 0, 2, 1305.03, 89292, 2539, 0, 0
72, 0, 54, 299, 282, 117, 3.92%, 0, 0, 2, 1059.02, 94641, 2571, 0, 0
77, 0, 54, 299, 282, 117, 3.92%, 0, 0, 2, 1079.54, 100122, 2571, 0, 0
82, 0, 54, 311, 294, 117, 3.94%, 0, 0, 2, 1148.39, 106067, 2581, 0, 0
87, 0, 54, 313, 296, 117, 3.94%, 0, 0, 2, 1195.58, 112314, 2583, 0, 0
92, 0, 54, 315, 298, 117, 3.95%, 0, 0, 2, 1192.69, 118538, 2589, 0, 0
97, 0, 54, 316, 299, 117, 3.95%, 0, 0, 2, 1101.50, 124070, 2590, 0, 0
103, 0, 54, 316, 299, 117, 3.95%, 0, 0, 2, 1097.92, 129826, 2590, 0, 0
108, 0, 54, 316, 299, 117, 3.95%, 0, 0, 2, 1182.90, 135888, 2590, 0, 0
114, 0, 18, 318, 300, 126, 3.96%, 0, 0, 2, 1207.09, 143432, 2595, 0, 0
119, 0, 21, 347, 326, 124, 3.96%, 0, 0, 2, 1113.77, 149102, 2598, 0, 0
124, 0, 24, 358, 334, 124, 3.97%, 0, 0, 2, 1263.86, 155525, 2602, 0, 0
129, 0, 24, 361, 337, 124, 4.08%, 0, 0, 2, 1352.94, 162648, 2677, 0, 0
134, 0, 29, 363, 335, 124, 4.08%, 0, 0, 2, 1299.04, 169092, 2677, 0, 0
139, 0, 48, 373, 344, 123, 4.08%, 0, 0, 2, 1132.38, 174252, 2677, 0, 0
144, 0, 48, 373, 344, 123, 4.08%, 0, 0, 2, 1107.95, 179617, 2677, 0, 0
149, 0, 30, 375, 344, 121, 4.09%, 0, 0, 2, 956.55, 184529, 2679, 0, 0
155, 0, 31, 380, 348, 127, 4.10%, 0, 0, 2, 124.56, 187104, 2684, 0, 0
160, 0, 31, 388, 356, 127, 4.10%, 0, 0, 2, 221.99, 188236, 2684, 0, 0
165, 0, 31, 390, 358, 127, 4.10%, 0, 0, 2, 270.01, 189727, 2684, 0, 0
170, 0, 31, 390, 358, 127, 4.10%, 0, 0, 2, 253.71, 190992, 2684, 0, 0
175, 0, 31, 391, 359, 127, 4.10%, 0, 0, 2, 237.90, 192161, 2684, 0, 0
180, 0, 31, 391, 359, 127, 4.10%, 0, 0, 2, 204.04, 193217, 2684, 0, 0
185, 0, 31, 391, 359, 127, 4.10%, 0, 0, 2, 210.61, 194289, 2684, 0, 0
190, 0, 31, 391, 359, 127, 4.10%, 0, 0, 2, 202.30, 195310, 2684, 0, 0
195, 0, 31, 391, 359, 127, 4.10%, 0, 0, 2, 207.68, 196335, 2684, 0, 0
200, 0, 31, 391, 359, 127, 4.10%, 0, 0, 2, 137.42, 197285, 2684, 0, 0
206, 0, 31, 391, 359, 127, 4.10%, 0, 0, 2, 193.91, 198378, 2684, 0, 0
211, 0, 31, 391, 359, 127, 4.10%, 0, 0, 2, 200.57, 199419, 2684, 0, 0
216, 0, 31, 391, 359, 127, 4.10%, 0, 0, 2, 208.51, 200479, 2684, 0, 0
221, 0, 31, 391, 359, 127, 4.10%, 0, 0, 2, 213.56, 201567, 2684, 0, 0
226, 0, 31, 391, 359, 127, 4.10%, 0, 0, 2, 219.26, 202691, 2684, 0, 0
231, 0, 31, 391, 359, 127, 4.10%, 0, 0, 2, 217.86, 203819, 2684, 0, 0
236, 0, 31, 391, 359, 127, 4.10%, 0, 0, 2, 215.92, 204943, 2684, 0, 0
241, 0, 31, 391, 359, 127, 4.10%, 0, 0, 2, 206.81, 205983, 2684, 0, 0
246, 0, 31, 391, 359, 127, 4.10%, 0, 0, 2, 197.06, 206985, 2684, 0, 0
252, 0, 31, 391, 359, 127, 4.10%, 0, 0, 2, 191.46, 207963, 2684, 0, 0
257, 0, 31, 391, 359, 127, 4.10%, 0, 0, 2, 182.13, 208899, 2684, 0, 0
262, 0, 31, 391, 359, 127, 4.10%, 0, 0, 2, 177.84, 209811, 2684, 0, 0
267, 0, 31, 391, 359, 127, 4.10%, 0, 0, 2, 172.22, 210669, 2684, 0, 0
272, 0, 31, 391, 359, 127, 4.10%, 0, 0, 2, 171.46, 211533, 2684, 0, 0
277, 0, 31, 391, 359, 127, 4.10%, 0, 0, 2, 170.36, 212388, 2684, 0, 0
282, 0, 31, 391, 359, 127, 4.10%, 0, 0, 2, 168.52, 213243, 2684, 0, 0
287, 0, 31, 391, 359, 127, 4.10%, 0, 0, 2, 167.83, 214098, 2684, 0, 0
292, 0, 31, 391, 359, 127, 4.10%, 0, 0, 2, 166.44, 214953, 2684, 0, 0
297, 0, 31, 391, 359, 127, 4.10%, 0, 0, 2, 170.32, 215814, 2684, 0, 0
302, 0, 31, 391, 359, 127, 4.10%, 0, 0, 2, 169.40, 216669, 2684, 0, 0
308, 0, 31, 391, 359, 127, 4.10%, 0, 0, 2, 165.28, 217515, 2684, 0, 0
313, 0, 31, 391, 359, 127, 4.10%, 0, 0, 2, 163.84, 218358, 2684, 0, 0
318, 0, 31, 391, 359, 127, 4.10%, 0, 0, 2, 162.97, 219189, 2684, 0, 0
323, 0, 31, 391, 359, 127, 4.10%, 0, 0, 2, 158.44, 220005, 2684, 0, 0
328, 0, 31, 391, 359, 127, 4.10%, 0, 0, 2, 155.63, 220794, 2684, 0, 0
333, 0, 32, 391, 358, 126, 4.10%, 0, 0, 2, 389.83, 222836, 2684, 0, 0
339, 0, 33, 409, 375, 132, 4.11%, 0, 0, 2, 615.81, 227362, 2694, 0, 0
344, 0, 273, 415, 378, 131, 4.11%, 0, 0, 3, 950.96, 232756, 2694, 0, 0
349, 0, 38, 435, 396, 131, 4.12%, 0, 0, 3, 944.04, 237308, 2699, 0, 0
354, 0, 43, 448, 406, 129, 4.13%, 0, 0, 3, 1029.98, 243303, 2705, 0, 0
360, 0, 317, 451, 407, 129, 4.13%, 0, 0, 3, 902.15, 247858, 2705, 0, 0
367, 0, 50, 453, 406, 127, 4.13%, 0, 0, 3, 1083.13, 256294, 2706, 0, 0
372, 0, 58, 453, 400, 121, 4.13%, 0, 0, 3, 1034.39, 260946, 2706, 0, 0
377, 0, 59, 472, 417, 118, 4.13%, 0, 0, 3, 1273.12, 267734, 2709, 0, 0
382, 0, 59, 477, 422, 118, 4.13%, 0, 0, 3, 1285.50, 274285, 2709, 0, 0
389, 0, 66, 486, 430, 120, 4.13%, 0, 0, 3, 599.25, 276682, 2709, 0, 0
394, 0, 66, 501, 445, 120, 4.13%, 0, 0, 3, 412.58, 278540, 2709, 0, 0
399, 0, 66, 501, 445, 120, 4.13%, 0, 0, 3, 378.02, 280407, 2709, 0, 0
404, 0, 66, 502, 446, 120, 4.13%, 0, 0, 3, 372.17, 282332, 2709, 0, 0
409, 0, 66, 503, 447, 120, 4.14%, 0, 0, 3, 372.90, 284264, 2710, 0, 0
414, 0, 66, 504, 448, 120, 4.14%, 0, 0, 3, 368.32, 286119, 2711, 0, 0
419, 0, 358, 539, 480, 121, 4.18%, 0, 0, 3, 937.49, 291639, 2741, 0, 0
424, 0, 358, 552, 493, 121, 4.19%, 0, 0, 3, 1238.07, 298223, 2743, 0, 0
429, 0, 358, 555, 496, 121, 4.19%, 0, 0, 3, 1322.97, 305040, 2743, 0, 0
434, 0, 358, 557, 498, 121, 4.19%, 0, 0, 3, 1330.60, 311684, 2744, 0, 0
439, 0, 358, 558, 499, 121, 4.19%, 0, 0, 3, 1345.94, 318451, 2744, 0, 0
444, 0, 358, 558, 499, 121, 4.19%, 0, 0, 3, 1359.17, 325279, 2744, 0, 0
449, 0, 358, 558, 499, 121, 4.19%, 0, 0, 3, 1385.53, 332272, 2744, 0, 0
455, 0, 358, 558, 499, 121, 4.19%, 0, 0, 3, 1380.04, 339211, 2744, 0, 0
460, 0, 70, 566, 506, 130, 4.19%, 0, 0, 3, 1162.30, 345991, 2744, 0, 0
466, 0, 503, 568, 499, 122, 4.19%, 0, 0, 3, 960.17, 351360, 2744, 0, 0
471, 0, 503, 568, 499, 122, 4.19%, 0, 0, 3, 623.98, 354043, 2744, 0, 0
476, 0, 503, 568, 499, 122, 4.19%, 0, 0, 3, 526.57, 356625, 2744, 0, 0
481, 0, 503, 568, 499, 122, 4.19%, 0, 0, 3, 456.49, 358903, 2744, 0, 0
486, 0, 503, 568, 499, 122, 4.19%, 0, 0, 3, 401.82, 360893, 2744, 0, 0
491, 0, 503, 568, 499, 122, 4.19%, 0, 0, 3, 373.62, 362745, 2744, 0, 0
496, 0, 503, 568, 499, 122, 4.19%, 0, 0, 3, 352.47, 364481, 2744, 0, 0
501, 0, 503, 568, 499, 122, 4.19%, 0, 0, 3, 345.85, 366271, 2744, 0, 0
506, 0, 503, 568, 499, 122, 4.19%, 0, 0, 3, 334.48, 367927, 2744, 0, 0
512, 0, 503, 568, 499, 122, 4.19%, 0, 0, 3, 329.60, 369649, 2744, 0, 0
517, 0, 503, 568, 499, 122, 4.19%, 0, 0, 3, 320.71, 371269, 2744, 0, 0
522, 0, 503, 568, 499, 122, 4.19%, 0, 0, 3, 326.18, 372973, 2744, 0, 0
527, 0, 503, 568, 499, 122, 4.19%, 0, 0, 3, 322.09, 374623, 2744, 0, 0
532, 0, 503, 568, 499, 122, 4.19%, 0, 0, 3, 319.36, 376279, 2744, 0, 0
537, 0, 503, 568, 499, 122, 4.19%, 0, 0, 3, 322.77, 377923, 2744, 0, 0
542, 0, 503, 568, 499, 122, 4.19%, 0, 0, 3, 322.67, 379573, 2744, 0, 0
548, 0, 503, 568, 499, 122, 4.19%, 0, 0, 3, 316.88, 381189, 2744, 0, 0
553, 0, 503, 568, 499, 122, 4.19%, 0, 0, 3, 321.55, 382845, 2744, 0, 0
558, 0, 503, 568, 499, 122, 4.19%, 0, 0, 3, 320.74, 384489, 2744, 0, 0
563, 0, 503, 568, 499, 122, 4.19%, 0, 0, 3, 324.70, 386187, 2744, 0, 0
568, 0, 124, 568, 487, 110, 4.19%, 0, 0, 3, 723.75, 390396, 2744, 0, 0
573, 0, 362, 569, 474, 96, 4.19%, 0, 0, 3, 1034.87, 397109, 2744, 0, 0
578, 0, 214, 570, 453, 74, 4.19%, 0, 0, 3, 1195.65, 403849, 2744, 0, 0
583, 0, 378, 571, 441, 61, 4.19%, 0, 0, 3, 1060.27, 409500, 2744, 0, 0
589, 0, 563, 571, 437, 57, 4.19%, 0, 0, 3, 1079.16, 414926, 2744, 0, 0
594, 0, 315, 571, 432, 52, 4.19%, 0, 0, 3, 853.01, 418780, 2744, 0, 0
599, 0, 308, 571, 426, 46, 4.19%, 0, 0, 3, 1099.93, 424631, 2744, 0, 0
604, 0, 411, 573, 419, 39, 4.20%, 0, 0, 3, 1238.24, 430962, 2750, 0, 0
609, 0, 377, 573, 411, 31, 4.20%, 0, 0, 3, 1051.74, 436474, 2750, 0, 0
614, 0, 387, 573, 407, 27, 4.20%, 0, 0, 3, 1028.76, 441557, 2750, 0, 0
619, 0, 398, 573, 404, 24, 4.20%, 0, 0, 3, 688.44, 444734, 2750, 0, 0
626, 0, 394, 573, 400, 21, 4.20%, 0, 0, 3, 742.27, 450257, 2750, 0, 0
631, 0, 397, 573, 395, 16, 4.20%, 0, 0, 3, 688.75, 453553, 2750, 0, 0
637, 0, 502, 573, 387, 9, 4.20%, 0, 0, 3, 630.27, 457249, 2750, 0, 0
642, 0, 381, 573, 384, 7, 4.20%, 0, 0, 3, 408.35, 459025, 2750, 0, 0
647, 0, 477, 573, 374, 0, 4.20%, 0, 0, 3, 930.58, 464555, 2750, 0, 0
652, 0, 477, 573, 374, 0, 4.20%, 0, 0, 3, 417.16, 465882, 2750, 0, 0
657, 0, 574, 583, 379, 1, 4.21%, 0, 0, 3, 915.72, 470229, 2760, 0, 0
662, 0, 574, 584, 380, 1, 4.21%, 0, 0, 3, 1204.86, 476606, 2760, 0, 0
667, 0, 400, 586, 378, 0, 4.29%, 0, 0, 3, 1319.51, 483400, 2813, 0, 0
672, 0, 295, 586, 374, 0, 4.29%, 0, 0, 3, 1232.04, 489372, 2813, 0, 0
677, 0, 493, 586, 370, 0, 4.29%, 0, 0, 3, 209.02, 494472, 2813, 0, 0
682, 0, 248, 586, 368, 0, 4.29%, 0, 0, 3, 540.50, 497001, 2813, 0, 0
687, 0, 305, 588, 365, 0, 4.29%, 0, 0, 3, 1025.79, 502648, 2813, 0, 0
692, 0, 563, 588, 363, 0, 4.29%, 0, 0, 3, 939.42, 507074, 2813, 0, 0
697, 0, 483, 588, 360, 0, 4.29%, 0, 0, 3, 620.33, 510310, 2813, 0, 0
703, 0, 481, 588, 357, 0, 4.29%, 0, 0, 3, 557.55, 513090, 2813, 0, 0
708, 0, 283, 588, 351, 0, 4.29%, 0, 0, 3, 855.37, 516890, 2813, 0, 0
713, 0, 480, 592, 352, 0, 4.29%, 0, 0, 4, 742.14, 521221, 2813, 0, 0
718, 0, 236, 592, 350, 0, 4.29%, 0, 0, 4, 557.26, 523625, 2813, 0, 0
723, 0, 502, 592, 349, 0, 4.29%, 0, 0, 4, 398.52, 525503, 2813, 0, 0
728, 0, 18, 592, 348, 0, 4.29%, 0, 0, 4, 451.07, 527740, 2813, 0, 0
733, 0, 391, 592, 348, 0, 4.29%, 0, 0, 4, 325.06, 529539, 2813, 0, 0
738, 0, 65, 594, 347, 0, 4.29%, 0, 0, 4, 573.61, 533484, 2813, 0, 0
743, 0, 27, 595, 342, 0, 4.29%, 0, 0, 4, 1025.14, 538700, 2813, 0, 0
749, 0, 296, 596, 337, 0, 4.31%, 0, 0, 4, 1192.44, 545069, 2823, 0, 0
754, 0, 492, 596, 335, 0, 4.31%, 0, 0, 4, 779.54, 549209, 2823, 0, 0
759, 0, 478, 596, 332, 0, 4.31%, 0, 0, 4, 677.31, 552791, 2823, 0, 0
764, 0, 252, 596, 331, 0, 4.31%, 0, 0, 4, 458.80, 554448, 2823, 0, 0
769, 0, 40, 596, 328, 0, 4.31%, 0, 0, 4, 650.15, 558435, 2823, 0, 0
774, 0, 479, 598, 327, 0, 4.31%, 0, 0, 4, 531.92, 561587, 2823, 0, 0
779, 1, 245, 598, 325, 0, 4.31%, 0, 0, 4, 533.29, 563886, 2823, 0, 0
784, 1, 519, 598, 317, 0, 4.31%, 0, 0, 4, 755.95, 567154, 2823, 0, 0
790, 1, 417, 599, 310, 0, 4.31%, 0, 0, 4, 1023.77, 572733, 2823, 0, 0
796, 1, 303, 601, 301, 0, 4.31%, 0, 0, 4, 1186.04, 580712, 2823, 0, 0
801, 1, 10, 602, 293, 0, 4.31%, 0, 0, 4, 1060.22, 586170, 2823, 0, 0
806, 1, 390, 602, 285, 0, 4.31%, 0, 0, 4, 886.71, 590456, 2823, 0, 0
811, 1, 428, 602, 277, 0, 4.31%, 0, 0, 4, 781.67, 594035, 2823, 0, 0
816, 1, 386, 603, 271, 0, 4.31%, 0, 0, 4, 942.87, 598426, 2823, 0, 0
821, 1, 511, 603, 266, 0, 4.31%, 0, 0, 4, 936.96, 603373, 2823, 0, 0
827, 1, 486, 603, 262, 0, 4.31%, 0, 0, 4, 572.19, 606284, 2823, 0, 0
832, 1, 578, 603, 255, 0, 4.31%, 0, 0, 4, 827.29, 610207, 2823, 0, 0
837, 1, 40, 604, 247, 0, 4.31%, 0, 0, 4, 1144.95, 616663, 2823, 0, 0
843, 1, 383, 605, 246, 0, 4.31%, 0, 0, 4, 582.08, 619145, 2823, 0, 0
848, 1, 494, 606, 240, 0, 4.31%, 0, 0, 4, 565.38, 622610, 2823, 0, 0
853, 1, 485, 610, 237, 0, 4.31%, 0, 0, 4, 787.27, 626659, 2827, 0, 0
859, 1, 385, 610, 236, 0, 4.31%, 0, 0, 4, 410.69, 628282, 2827, 0, 0
864, 1, 558, 610, 233, 0, 4.31%, 0, 0, 4, 474.00, 630349, 2827, 0, 0
869, 1, 313, 611, 227, 0, 4.31%, 0, 0, 4, 1010.62, 636032, 2827, 0, 0
874, 1, 384, 611, 224, 0, 4.31%, 0, 0, 4, 546.91, 638778, 2827, 0, 0
879, 1, 496, 611, 216, 0, 4.31%, 0, 0, 4, 748.20, 643611, 2827, 0, 0
884, 1, 286, 611, 215, 0, 4.31%, 0, 0, 4, 558.49, 645837, 2827, 0, 0
889, 1, 86, 613, 203, 0, 4.31%, 0, 0, 4, 1035.15, 651687, 2827, 0, 0
894, 1, 414, 623, 213, 0, 4.31%, 0, 0, 4, 1048.42, 656952, 2827, 0, 0
900, 1, 414, 627, 217, 0, 4.33%, 0, 0, 4, 1085.96, 662624, 2839, 0, 0
905, 1, 624, 647, 236, 2, 4.34%, 0, 0, 5, 1082.03, 668159, 2841, 0, 0
910, 1, 285, 655, 233, 0, 4.34%, 0, 0, 8, 1187.74, 674303, 2841, 0, 0
915, 1, 382, 658, 231, 0, 4.34%, 0, 0, 9, 693.12, 677776, 2841, 0, 0
920, 1, 470, 658, 227, 0, 4.34%, 0, 0, 9, 830.00, 681257, 2841, 0, 0
925, 1, 233, 659, 217, 0, 4.34%, 0, 0, 9, 1068.82, 687007, 2841, 0, 0
930, 1, 612, 661, 210, 0, 4.34%, 0, 0, 9, 1080.74, 692702, 2841, 0, 0
935, 1, 198, 661, 204, 0, 4.34%, 0, 0, 9, 1157.40, 698818, 2841, 0, 0
940, 1, 616, 662, 197, 0, 4.34%, 0, 0, 9, 1153.68, 704691, 2841, 0, 0
945, 1, 611, 663, 190, 0, 4.34%, 0, 0, 9, 1141.98, 709974, 2841, 0, 0
950, 1, 603, 666, 187, 0, 4.34%, 0, 0, 9, 1178.24, 715911, 2841, 0, 0
955, 1, 484, 666, 181, 0, 4.34%, 0, 0, 9, 682.49, 719291, 2841, 0, 0
961, 1, 662, 666, 177, 0, 4.34%, 0, 0, 9, 727.37, 722418, 2841, 0, 0
966, 1, 25, 672, 178, 0, 4.34%, 0, 0, 9, 857.74, 727190, 2846, 0, 0
971, 1, 25, 673, 179, 0, 4.34%, 0, 0, 9, 853.65, 731549, 2846, 0, 0
977, 1, 673, 676, 180, 1, 4.34%, 0, 0, 9, 834.51, 737130, 2846, 0, 0
982, 1, 677, 685, 181, 1, 4.34%, 0, 0, 9, 1135.33, 743269, 2847, 0, 0
987, 1, 677, 685, 181, 1, 4.34%, 0, 0, 9, 1233.83, 749515, 2847, 0, 0
992, 1, 604, 685, 176, 0, 4.34%, 0, 0, 9, 79.14, 755221, 2847, 0, 0
998, 1, 604, 685, 176, 0, 4.34%, 0, 0, 9, 78.73, 755643, 2847, 0, 0
1003, 1, 604, 685, 176, 0, 4.34%, 0, 0, 9, 78.22, 756085, 2847, 0, 0
1008, 1, 297, 685, 174, 0, 4.34%, 0, 0, 9, 1136.42, 758115, 2847, 0, 0
1013, 1, 672, 686, 168, 0, 4.34%, 0, 0, 9, 1022.92, 763472, 2847, 0, 0
1018, 1, 231, 686, 158, 0, 4.34%, 0, 0, 9, 1039.11, 769065, 2847, 0, 0
1023, 1, 498, 689, 155, 0, 4.34%, 0, 0, 9, 942.52, 774273, 2847, 0, 0
1029, 1, 498, 689, 155, 0, 4.34%, 0, 0, 9, 534.59, 776490, 2847, 0, 0
1034, 1, 654, 689, 145, 0, 4.34%, 0, 0, 9, 1061.12, 782351, 2847, 0, 0
1039, 1, 473, 696, 149, 0, 4.35%, 0, 0, 9, 1170.56, 788326, 2848, 0, 0
1044, 1, 473, 696, 149, 0, 4.35%, 0, 0, 9, 1285.22, 794932, 2848, 0, 0
1049, 1, 301, 696, 143, 0, 4.35%, 0, 0, 9, 1263.55, 801445, 2848, 0, 0
1054, 2, 393, 697, 139, 0, 4.35%, 0, 0, 9, 1228.30, 807625, 2848, 0, 0
1060, 2, 691, 697, 137, 0, 4.35%, 0, 0, 9, 621.88, 809558, 2848, 0, 0
1065, 2, 380, 697, 134, 0, 4.35%, 0, 0, 9, 501.51, 812556, 2848, 0, 0
1070, 2, 268, 698, 125, 0, 4.35%, 0, 0, 9, 1046.18, 818806, 2848, 0, 0
1075, 2, 263, 699, 118, 0, 4.35%, 0, 0, 9, 1161.17, 825036, 2848, 0, 0
1080, 2, 19, 703, 115, 0, 4.35%, 0, 0, 9, 1224.18, 831444, 2848, 0, 0
1085, 2, 641, 704, 108, 0, 4.36%, 0, 0, 9, 1203.90, 837415, 2858, 0, 0
1090, 2, 389, 706, 105, 0, 4.36%, 0, 0, 9, 1187.47, 843589, 2858, 0, 0
1095, 2, 28, 706, 103, 0, 4.36%, 0, 0, 9, 921.43, 847010, 2858, 0, 0
1100, 2, 293, 706, 100, 0, 4.36%, 0, 0, 9, 1123.68, 853422, 2858, 0, 0
1105, 2, 183, 708, 95, 0, 4.36%, 0, 0, 9, 1217.97, 859571, 2858, 0, 0
1110, 2, 359, 708, 89, 0, 4.36%, 0, 0, 9, 1187.02, 865603, 2858, 0, 0
1115, 2, 669, 708, 84, 0, 4.36%, 0, 0, 9, 1059.16, 871074, 2858, 0, 0
1120, 2, 120, 710, 80, 0, 4.36%, 0, 0, 9, 1064.01, 876805, 2858, 0, 0
1126, 2, 15, 710, 72, 0, 4.36%, 0, 0, 9, 1113.85, 882624, 2858, 0, 0
1131, 2, 356, 710, 65, 0, 4.36%, 0, 0, 9, 1232.94, 888908, 2858, 0, 0
1136, 2, 411, 710, 59, 0, 4.36%, 0, 0, 9, 1164.36, 894705, 2858, 0, 0
1141, 2, 649, 710, 56, 0, 4.36%, 0, 0, 9, 1152.17, 900738, 2858, 0, 0
1146, 2, 28, 710, 52, 0, 4.36%, 0, 0, 9, 1169.99, 906644, 2858, 0, 0
1151, 2, 375, 712, 52, 0, 4.36%, 0, 0, 10, 1199.41, 912826, 2858, 0, 0
1156, 2, 33, 720, 54, 0, 4.36%, 0, 0, 10, 1252.09, 919254, 2858, 0, 0
1161, 2, 387, 720, 52, 0, 4.36%, 0, 0, 10, 1173.81, 924680, 2858, 0, 0
1166, 3, 563, 721, 52, 0, 4.36%, 0, 0, 10, 1222.92, 930931, 2858, 0, 0
1171, 3, 660, 722, 49, 0, 4.36%, 0, 0, 10, 1080.62, 936658, 2858, 0, 0
1176, 3, 706, 728, 51, 0, 4.37%, 0, 0, 10, 1176.19, 942553, 2863, 0, 0
1181, 3, 296, 728, 48, 0, 4.37%, 0, 0, 10, 1211.42, 948990, 2863, 0, 0
1186, 3, 19, 731, 45, 0, 4.37%, 0, 0, 10, 1015.95, 954075, 2863, 0, 0
1191, 3, 722, 732, 44, 0, 4.37%, 0, 0, 10, 1031.78, 959562, 2863, 0, 0
1196, 3, 295, 732, 40, 0, 4.37%, 0, 0, 10, 1118.38, 965384, 2863, 0, 0
1203, 3, 594, 735, 40, 0, 4.37%, 0, 0, 10, 1190.62, 973264, 2863, 0, 0
1208, 3, 631, 735, 35, 0, 4.37%, 0, 0, 10, 1146.91, 979020, 2863, 0, 0
1213, 3, 118, 736, 33, 0, 4.37%, 0, 0, 10, 1192.35, 985136, 2863, 0, 0
1218, 3, 729, 736, 32, 0, 4.37%, 0, 0, 10, 782.77, 989290, 2863, 0, 0
1223, 3, 735, 736, 31, 0, 4.37%, 0, 0, 10, 530.90, 991465, 2863, 0, 0
1228, 3, 710, 737, 30, 0, 4.37%, 0, 0, 10, 987.29, 997231, 2863, 0, 0
1233, 3, 144, 740, 32, 0, 4.37%, 0, 0, 11, 982.21, 1001627, 2863, 0, 0
1239, 3, 252, 740, 30, 0, 4.37%, 0, 0, 11, 1134.74, 1008912, 2863, 0, 0
1244, 3, 393, 742, 27, 0, 4.37%, 0, 0, 11, 1116.20, 1014527, 2863, 0, 0
1249, 3, 611, 742, 24, 0, 4.37%, 0, 0, 11, 999.45, 1019492, 2863, 0, 0
1254, 3, 543, 743, 23, 0, 4.37%, 0, 0, 11, 1179.26, 1025712, 2864, 0, 0
1259, 4, 297, 743, 22, 0, 4.37%, 0, 0, 11, 1172.86, 1031661, 2864, 0, 0
1264, 4, 548, 743, 21, 0, 4.37%, 0, 0, 11, 1149.44, 1037272, 2864, 0, 0
1269, 4, 308, 743, 19, 0, 4.37%, 0, 0, 11, 1306.93, 1042746, 2864, 0, 0
1274, 4, 394, 743, 19, 0, 4.37%, 0, 0, 11, 1180.10, 1048674, 2864, 0, 0
1280, 4, 392, 744, 18, 0, 4.37%, 0, 0, 11, 1350.22, 1052445, 2864, 0, 0
1285, 4, 744, 747, 18, 0, 4.37%, 0, 0, 11, 1258.32, 1058478, 2864, 0, 0
1290, 4, 433, 747, 16, 0, 4.37%, 0, 0, 11, 1180.56, 1064645, 2864, 0, 0
1295, 4, 559, 748, 16, 0, 4.37%, 0, 0, 11, 1220.29, 1071124, 2864, 0, 0
1300, 4, 420, 749, 17, 0, 4.37%, 0, 0, 11, 1185.01, 1076983, 2864, 0, 0
1305, 4, 50, 749, 16, 0, 4.37%, 0, 0, 11, 1212.54, 1083280, 2864, 0, 0
1310, 4, 749, 750, 14, 1, 4.37%, 0, 0, 11, 1153.10, 1088907, 2864, 0, 0
1315, 4, 398, 750, 11, 0, 4.37%, 0, 0, 11, 1111.90, 1094849, 2864, 0, 0
1321, 4, 353, 750, 10, 0, 4.37%, 0, 0, 11, 1139.92, 1101024, 2864, 0, 0
1326, 4, 503, 750, 10, 0, 4.37%, 0, 0, 11, 1140.11, 1106858, 2864, 0, 0
1331, 4, 123, 750, 8, 0, 4.37%, 0, 0, 11, 1194.53, 1112885, 2864, 0, 0
1336, 4, 619, 750, 8, 0, 4.37%, 0, 0, 11, 1118.99, 1118598, 2864, 0, 0
1341, 5, 635, 751, 8, 0, 4.37%, 0, 0, 11, 1157.05, 1124405, 2864, 0, 0
1346, 5, 161, 753, 10, 0, 4.37%, 0, 0, 11, 1180.60, 1129767, 2864, 0, 0
1351, 5, 648, 755, 12, 0, 4.37%, 0, 0, 11, 1189.50, 1135625, 2864, 0, 0
1356, 5, 729, 755, 10, 0, 4.37%, 0, 0, 11, 1104.85, 1141249, 2864, 0, 0
1361, 5, 495, 755, 10, 0, 4.37%, 0, 0, 11, 1151.67, 1147214, 2864, 0, 0
1367, 5, 754, 761, 16, 0, 4.37%, 0, 0, 11, 1276.17, 1153994, 2864, 0, 0
1372, 5, 754, 761, 16, 0, 4.37%, 0, 0, 11, 1318.74, 1160658, 2864, 0, 0
1377, 5, 717, 761, 14, 0, 4.37%, 0, 0, 11, 1260.36, 1167130, 2864, 0, 0
1382, 5, 83, 761, 11, 0, 4.37%, 0, 0, 11, 1291.84, 1172536, 2864, 0, 0
1387, 5, 745, 761, 10, 0, 4.37%, 0, 0, 11, 1242.00, 1178112, 2864, 0, 0
1392, 5, 750, 762, 10, 0, 4.37%, 0, 0, 11, 1189.30, 1184109, 2864, 0, 0
1397, 5, 753, 762, 9, 0, 4.37%, 0, 0, 11, 864.66, 1188552, 2864, 0, 0
1402, 5, 703, 762, 6, 0, 4.37%, 0, 0, 11, 1034.08, 1194080, 2864, 0, 0
1407, 5, 216, 762, 6, 0, 4.37%, 0, 0, 11, 1181.49, 1200400, 2864, 0, 0
1412, 5, 174, 762, 6, 0, 4.37%, 0, 0, 11, 1188.03, 1206286, 2864, 0, 0
1418, 5, 29, 762, 5, 0, 4.37%, 0, 0, 11, 1214.24, 1212809, 2864, 0, 0
1423, 5, 122, 764, 7, 0, 4.37%, 0, 0, 11, 1213.57, 1219032, 2864, 0, 0
1428, 5, 759, 766, 7, 0, 4.37%, 0, 0, 11, 1274.83, 1225427, 2864, 0, 0
1433, 5, 673, 766, 6, 0, 4.37%, 0, 0, 11, 1113.00, 1230929, 2864, 0, 0
1438, 6, 601, 767, 6, 0, 4.37%, 0, 0, 11, 1197.52, 1237385, 2864, 0, 0
1443, 6, 768, 769, 8, 1, 4.37%, 0, 0, 11, 1172.64, 1243411, 2864, 0, 0
1448, 6, 726, 770, 8, 0, 4.37%, 0, 0, 11, 1199.39, 1249713, 2864, 0, 0
1453, 6, 760, 772, 9, 0, 4.37%, 0, 0, 11, 1158.18, 1255366, 2864, 0, 0
1458, 6, 733, 773, 9, 0, 4.37%, 0, 0, 11, 1106.62, 1261024, 2864, 0, 0
1464, 6, 309, 774, 9, 0, 4.37%, 0, 0, 11, 998.54, 1267545, 2864, 0, 0
1469, 6, 396, 775, 8, 0, 4.37%, 0, 0, 11, 1119.77, 1273301, 2864, 0, 0
1474, 6, 770, 776, 8, 0, 4.37%, 0, 0, 11, 1225.53, 1279721, 2864, 0, 0
1479, 6, 760, 777, 8, 0, 4.37%, 0, 0, 11, 1247.84, 1286042, 2864, 0, 0
1484, 6, 15, 778, 8, 0, 4.37%, 0, 0, 11, 1210.78, 1292029, 2864, 0, 0
1489, 6, 773, 779, 7, 0, 4.38%, 0, 0, 11, 1215.05, 1298036, 2871, 0, 0
1494, 6, 31, 780, 7, 0, 4.38%, 0, 0, 11, 1203.83, 1304303, 2871, 0, 0
1500, 6, 580, 780, 6, 0, 4.38%, 0, 0, 11, 1212.88, 1310581, 2871, 0, 0
1505, 6, 713, 780, 5, 0, 4.38%, 0, 0, 11, 1252.74, 1316925, 2871, 0, 0
1510, 6, 650, 781, 5, 0, 4.38%, 0, 0, 11, 1272.98, 1323548, 2871, 0, 0
1515, 6, 652, 781, 5, 0, 4.38%, 0, 0, 11, 1183.43, 1328929, 2871, 0, 0
1520, 6, 215, 782, 5, 0, 4.38%, 0, 0, 11, 1117.70, 1334523, 2871, 0, 0
1525, 7, 314, 784, 6, 0, 4.38%, 0, 0, 11, 1272.57, 1341251, 2871, 0, 0
1532, 7, 396, 785, 7, 0, 4.38%, 0, 0, 11, 1218.67, 1348955, 2871, 0, 0
1537, 7, 397, 786, 8, 0, 4.38%, 0, 0, 11, 1174.29, 1354835, 2871, 0, 0
1542, 7, 373, 786, 7, 0, 4.38%, 0, 0, 11, 1223.44, 1361108, 2871, 0, 0
1547, 7, 563, 786, 6, 0, 4.38%, 0, 0, 11, 1205.99, 1367080, 2871, 0, 0
1553, 7, 298, 786, 6, 0, 4.38%, 0, 0, 11, 1187.68, 1373830, 2871, 0, 0
1558, 7, 651, 787, 7, 0, 4.38%, 0, 0, 11, 1278.59, 1380312, 2871, 0, 0
1563, 7, 714, 788, 7, 0, 4.38%, 0, 0, 11, 1237.42, 1386507, 2871, 0, 0
1568, 7, 652, 789, 7, 0, 4.38%, 0, 0, 11, 1280.01, 1393060, 2871, 0, 0
1573, 7, 362, 789, 7, 0, 4.38%, 0, 0, 11, 1174.87, 1398975, 2871, 0, 0
1578, 7, 526, 789, 7, 0, 4.38%, 0, 0, 11, 1216.36, 1405302, 2871, 0, 0
1585, 7, 408, 790, 7, 0, 4.39%, 0, 0, 11, 1221.43, 1413342, 2877, 0, 0
1590, 7, 791, 792, 7, 0, 4.39%, 0, 0, 11, 1207.49, 1419213, 2877, 0, 0
1595, 7, 149, 792, 5, 0, 4.39%, 0, 0, 11, 1263.19, 1425629, 2877, 0, 0
1600, 7, 278, 793, 4, 0, 4.40%, 0, 0, 11, 1207.12, 1431826, 2881, 0, 0
1605, 8, 209, 793, 4, 0, 4.40%, 0, 0, 11, 1214.56, 1438114, 2881, 0, 0
1610, 8, 793, 794, 4, 0, 4.40%, 0, 0, 11, 1227.31, 1444420, 2881, 0, 0
1616, 8, 519, 794, 3, 0, 4.40%, 0, 0, 11, 1218.40, 1450383, 2881, 0, 0
1621, 8, 789, 796, 5, 0, 4.40%, 0, 0, 11, 1104.82, 1456014, 2881, 0, 0
1626, 8, 289, 797, 5, 0, 4.40%, 0, 0, 11, 1146.72, 1462075, 2881, 0, 0
1631, 8, 479, 797, 4, 0, 4.40%, 0, 0, 11, 1251.99, 1468523, 2881, 0, 0
1636, 8, 297, 797, 3, 0, 4.40%, 0, 0, 11, 1277.36, 1475070, 2881, 0, 0
1641, 8, 50, 797, 3, 0, 4.40%, 0, 0, 11, 1202.09, 1481018, 2881, 0, 0
1646, 8, 298, 797, 3, 0, 4.40%, 0, 0, 11, 1255.92, 1487624, 2881, 0, 0
1651, 8, 447, 797, 3, 0, 4.40%, 0, 0, 11, 1266.83, 1494243, 2881, 0, 0
1656, 8, 729, 798, 4, 0, 4.40%, 0, 0, 11, 1230.54, 1500640, 2881, 0, 0
1662, 8, 655, 798, 4, 0, 4.40%, 0, 0, 11, 1231.31, 1506312, 2881, 0, 0
1667, 8, 198, 798, 4, 0, 4.40%, 0, 0, 11, 1253.91, 1512570, 2881, 0, 0
1672, 8, 353, 798, 4, 0, 4.40%, 0, 0, 11, 1150.21, 1518365, 2881, 0, 0
1677, 8, 563, 798, 4, 0, 4.40%, 0, 0, 11, 1165.46, 1524527, 2881, 0, 0
1682, 9, 652, 798, 4, 0, 4.40%, 0, 0, 11, 1168.76, 1530349, 2881, 0, 0
1687, 9, 140, 798, 4, 0, 4.40%, 0, 0, 11, 1193.19, 1536519, 2881, 0, 0
1692, 9, 314, 798, 4, 0, 4.40%, 0, 0, 11, 1201.61, 1542714, 2881, 0, 0
1699, 9, 708, 798, 4, 0, 4.40%, 0, 0, 11, 1203.99, 1550834, 2881, 0, 0
1704, 9, 48, 798, 4, 0, 4.40%, 0, 0, 11, 1251.62, 1557130, 2881, 0, 0
1709, 9, 15, 799, 5, 0, 4.40%, 0, 0, 11, 1270.03, 1563503, 2881, 0, 0
1714, 9, 639, 799, 3, 0, 4.40%, 0, 0, 11, 1214.74, 1569648, 2881, 0, 0
1719, 9, 397, 800, 3, 0, 4.40%, 0, 0, 11, 1277.96, 1576422, 2881, 0, 0
1726, 9, 315, 800, 3, 0, 4.40%, 0, 0, 11, 1174.80, 1583759, 2881, 0, 0
1731, 9, 57, 801, 3, 0, 4.40%, 0, 0, 11, 1192.49, 1589777, 2881, 0, 0
1736, 9, 644, 802, 4, 0, 4.40%, 0, 0, 11, 1204.43, 1595951, 2881, 0, 0
1741, 9, 802, 803, 5, 1, 4.41%, 0, 0, 11, 1238.35, 1602412, 2887, 0, 0
1746, 9, 563, 803, 4, 0, 4.41%, 0, 0, 11, 1246.62, 1608917, 2887, 0, 0
1751, 9, 677, 804, 5, 0, 4.41%, 0, 0, 11, 1219.49, 1615217, 2887, 0, 0
1756, 9, 76, 805, 4, 0, 4.41%, 0, 0, 11, 1233.53, 1621460, 2887, 0, 0
1761, 9, 804, 806, 4, 0, 4.41%, 0, 0, 11, 843.99, 1624942, 2887, 0, 0
1766, 9, 805, 806, 3, 0, 4.41%, 0, 0, 11, 731.50, 1628778, 2887, 0, 0
1772, 9, 348, 806, 2, 0, 4.41%, 0, 0, 11, 802.16, 1633141, 2887, 0, 0
1777, 10, 275, 807, 2, 0, 4.41%, 0, 0, 11, 1141.22, 1639343, 2889, 0, 0
1782, 10, 740, 807, 2, 0, 4.41%, 0, 0, 11, 1192.83, 1645547, 2889, 0, 0
1787, 10, 49, 807, 2, 0, 4.41%, 0, 0, 11, 1120.74, 1651301, 2889, 0, 0
1792, 10, 315, 807, 2, 0, 4.41%, 0, 0, 11, 1162.63, 1657410, 2889, 0, 0
1798, 10, 267, 807, 2, 0, 4.41%, 0, 0, 11, 1222.52, 1664581, 2889, 0, 0
1803, 10, 145, 807, 2, 0, 4.41%, 0, 0, 11, 1212.87, 1670828, 2889, 0, 0
1808, 10, 227, 807, 2, 0, 4.41%, 0, 0, 11, 1227.89, 1677053, 2889, 0, 0
1813, 10, 49, 807, 2, 0, 4.41%, 0, 0, 11, 1257.04, 1683270, 2889, 0, 0
1818, 10, 227, 807, 2, 0, 4.41%, 0, 0, 11, 1232.60, 1689640, 2889, 0, 0
1823, 10, 582, 807, 2, 0, 4.41%, 0, 0, 11, 1193.36, 1695890, 2889, 0, 0
1828, 10, 723, 808, 2, 0, 4.41%, 0, 0, 11, 1206.96, 1702103, 2889, 0, 0
1833, 10, 571, 808, 2, 0, 4.41%, 0, 0, 11, 1242.58, 1708370, 2889, 0, 0
1838, 10, 57, 808, 1, 0, 4.41%, 0, 0, 11, 1153.45, 1714138, 2889, 0, 0
1844, 10, 483, 809, 2, 0, 4.41%, 0, 0, 11, 1114.06, 1718828, 2889, 0, 0
1849, 10, 809, 817, 10, 1, 4.41%, 0, 0, 11, 1172.47, 1724698, 2890, 0, 0
1854, 10, 809, 817, 10, 1, 4.41%, 0, 0, 11, 1284.87, 1731530, 2890, 0, 0
1859, 10, 681, 817, 8, 0, 4.41%, 0, 0, 11, 1347.62, 1738330, 2890, 0, 0
1864, 10, 15, 817, 7, 0, 4.41%, 0, 0, 11, 1294.33, 1744734, 2890, 0, 0
1869, 11, 392, 817, 5, 0, 4.41%, 0, 0, 11, 1106.74, 1750132, 2890, 0, 0
1874, 11, 555, 817, 4, 0, 4.41%, 0, 0, 11, 1198.52, 1756371, 2890, 0, 0
1879, 11, 666, 817, 4, 0, 4.41%, 0, 0, 11, 1258.64, 1762828, 2890, 0, 0
1884, 11, 295, 817, 3, 0, 4.41%, 0, 0, 11, 1193.05, 1768937, 2890, 0, 0
1890, 11, 677, 817, 3, 0, 4.41%, 0, 0, 11, 1252.78, 1775445, 2890, 0, 0
1895, 11, 373, 817, 2, 0, 4.41%, 0, 0, 11, 1215.88, 1781550, 2890, 0, 0
1900, 11, 145, 817, 2, 0, 4.41%, 0, 0, 11, 1228.49, 1788001, 2890, 0, 0
1905, 11, 681, 818, 3, 0, 4.41%, 0, 0, 11, 1254.46, 1794576, 2890, 0, 0
1910, 11, 609, 818, 3, 0, 4.41%, 0, 0, 11, 1269.05, 1800896, 2890, 0, 0
1915, 11, 717, 818, 3, 0, 4.41%, 0, 0, 11, 1173.62, 1807164, 2890, 0, 0
1920, 11, 253, 818, 3, 0, 4.41%, 0, 0, 11, 1229.18, 1813450, 2890, 0, 0
1925, 11, 206, 818, 3, 0, 4.41%, 0, 0, 11, 1188.79, 1819558, 2890, 0, 0
1930, 11, 434, 818, 2, 0, 4.41%, 0, 0, 11, 1192.23, 1825377, 2890, 0, 0
1935, 11, 675, 821, 4, 0, 4.41%, 0, 0, 11, 1213.11, 1831549, 2890, 0, 0
1941, 11, 237, 821, 4, 0, 4.41%, 0, 0, 11, 1248.57, 1838126, 2890, 0, 0
1946, 11, 761, 822, 4, 0, 4.41%, 0, 0, 11, 1186.87, 1844391, 2890, 0, 0
1951, 12, 154, 823, 5, 0, 4.41%, 0, 0, 11, 1226.70, 1850666, 2890, 0, 0
1956, 12, 654, 823, 5, 0, 4.41%, 0, 0, 11, 1258.88, 1857168, 2890, 0, 0
1961, 12, 571, 825, 6, 0, 4.41%, 0, 0, 11, 1250.73, 1863603, 2890, 0, 0
1966, 12, 46, 825, 5, 0, 4.41%, 0, 0, 11, 1275.51, 1870137, 2890, 0, 0
1971, 12, 558, 826, 6, 0, 4.41%, 0, 0, 11, 179.00, 1874381, 2890, 0, 0
1976, 12, 681, 826, 6, 0, 4.41%, 0, 0, 11, 781.10, 1879903, 2890, 0, 0
1981, 12, 652, 828, 7, 0, 4.41%, 0, 0, 11, 776.38, 1883829, 2890, 0, 0
1987, 12, 828, 830, 8, 1, 4.41%, 0, 0, 11, 1101.99, 1890483, 2890, 0, 0
1987, 12, 33, 830, 7, 0, 4.41%, 0, 0, 11, 1102.99, 1890663, 2890, 0, 0
