# relative_time, cycles_done, cur_item, corpus_count, pending_total, pending_favs, map_size, saved_crashes, saved_hangs, max_depth, execs_per_sec, total_execs, edges_found, total_crashes, servers_count
61, 0, 66, 454, 400, 97, 33.06%, 0, 0, 3, 856.20, 299912, 1032, 0, 0
67, 0, 66, 454, 400, 97, 33.06%, 0, 0, 3, 888.87, 304570, 1032, 0, 0
72, 0, 66, 454, 400, 97, 33.06%, 0, 0, 3, 880.26, 308871, 1032, 0, 0
77, 0, 66, 454, 400, 97, 33.06%, 0, 0, 3, 904.04, 313548, 1032, 0, 0
82, 0, 67, 465, 410, 101, 33.06%, 0, 0, 3, 9021.65, 322487, 1032, 0, 0
88, 0, 303, 473, 361, 45, 33.06%, 0, 0, 3, 5542.42, 388811, 1032, 0, 0
93, 0, 368, 502, 358, 24, 33.47%, 0, 0, 3, 9539.73, 443057, 1045, 0, 0
98, 0, 53, 512, 327, 0, 33.54%, 0, 0, 4, 15282.06, 478819, 1047, 0, 0
103, 0, 22, 527, 311, 0, 33.57%, 0, 0, 4, 12090.97, 526942, 1048, 0, 0
109, 1, 445, 530, 278, 0, 33.57%, 0, 0, 4, 12904.49, 588903, 1048, 0, 0
114, 1, 343, 539, 231, 0, 33.57%, 0, 0, 4, 10181.97, 645559, 1048, 0, 0
119, 1, 439, 550, 185, 0, 33.57%, 0, 0, 6, 1666.67, 695997, 1048, 0, 0
124, 1, 442, 563, 141, 0, 33.60%, 0, 0, 6, 19491.16, 759497, 1049, 0, 0
129, 1, 563, 573, 135, 0, 33.70%, 0, 0, 6, 12772.09, 793502, 1052, 0, 0
134, 2, 33, 578, 79, 0, 33.79%, 0, 0, 6, 13728.09, 862374, 1055, 0, 0
139, 2, 32, 584, 42, 0, 33.82%, 0, 0, 6, 30840.48, 930995, 1056, 0, 0
145, 3, 136, 588, 22, 0, 33.86%, 0, 0, 6, 4765.77, 1007374, 1057, 0, 0
150, 3, 563, 595, 18, 0, 33.89%, 0, 0, 6, 1900.05, 1058272, 1058, 0, 0
155, 4, 594, 604, 10, 0, 33.89%, 0, 0, 6, 22598.10, 1178977, 1058, 0, 0
160, 5, 494, 609, 5, 0, 33.95%, 0, 0, 6, 22715.95, 1285590, 1060, 0, 0
165, 6, 452, 610, 3, 0, 33.95%, 0, 0, 6, 22684.51, 1394943, 1060, 0, 0
170, 7, 493, 613, 1, 0, 33.95%, 0, 0, 6, 12432.64, 1466713, 1060, 0, 0
175, 7, 605, 618, 2, 0, 33.98%, 0, 0, 6, 19863.80, 1577913, 1061, 0, 0
180, 8, 136, 620, 1, 0, 33.98%, 0, 0, 6, 22008.17, 1690656, 1061, 0, 0
185, 9, 332, 623, 2, 0, 33.98%, 0, 0, 6, 20787.73, 1797999, 1061, 0, 0
190, 10, 627, 630, 8, 0, 34.02%, 0, 0, 7, 29063.64, 1873933, 1062, 0, 0
195, 11, 31, 636, 5, 0, 34.02%, 0, 0, 8, 25093.92, 1995803, 1062, 0, 0
201, 11, 191, 640, 3, 0, 34.05%, 0, 0, 9, 16734.82, 2088492, 1063, 0, 0
206, 12, 493, 646, 4, 0, 34.08%, 0, 0, 10, 17833.25, 2184096, 1064, 0, 0
211, 12, 638, 646, 2, 0, 34.08%, 0, 0, 10, 18290.37, 2255682, 1064, 0, 0
216, 13, 607, 650, 2, 0, 34.11%, 0, 0, 10, 21698.87, 2366548, 1065, 0, 0
221, 14, 449, 651, 0, 0, 34.11%, 0, 0, 10, 21476.57, 2473003, 1065, 0, 0
226, 15, 508, 655, 1, 0, 34.11%, 0, 0, 10, 20424.88, 2572852, 1065, 0, 0
231, 15, 488, 657, 0, 0, 34.11%, 0, 0, 10, 7585.70, 2641302, 1065, 0, 0
236, 16, 509, 660, 0, 0, 34.11%, 0, 0, 10, 21061.20, 2760951, 1065, 0, 0
241, 17, 666, 667, 3, 1, 34.11%, 0, 0, 10, 22295.89, 2879416, 1065, 0, 0
246, 18, 594, 670, 1, 0, 34.11%, 0, 0, 10, 21223.28, 2985256, 1065, 0, 0
252, 18, 345, 670, 0, 0, 34.11%, 0, 0, 10, 21855.92, 3071064, 1065, 0, 0
257, 19, 199, 670, 0, 0, 34.11%, 0, 0, 10, 27472.15, 3211072, 1065, 0, 0
262, 20, 332, 670, 0, 0, 34.11%, 0, 0, 10, 23459.80, 3319190, 1065, 0, 0
267, 21, 532, 670, 0, 0, 34.11%, 0, 0, 10, 23892.38, 3439208, 1065, 0, 0
272, 21, 79, 670, 0, 0, 34.11%, 0, 0, 10, 35689.17, 3516180, 1065, 0, 0
277, 22, 450, 672, 1, 0, 34.14%, 0, 0, 10, 18386.37, 3630673, 1066, 0, 0
282, 23, 607, 678, 3, 0, 34.14%, 0, 0, 10, 21247.20, 3745643, 1066, 0, 0
287, 23, 637, 682, 4, 0, 34.14%, 0, 0, 10, 22770.72, 3855457, 1066, 0, 0
294, 24, 583, 684, 2, 0, 34.18%, 0, 0, 10, 2789.96, 3971192, 1067, 0, 0
299, 25, 505, 684, 0, 0, 34.18%, 0, 0, 10, 23770.19, 4070018, 1067, 0, 0
304, 26, 449, 685, 0, 0, 34.18%, 0, 0, 10, 22147.15, 4181821, 1067, 0, 0
309, 26, 480, 686, 0, 0, 34.18%, 0, 0, 10, 21758.49, 4294893, 1067, 0, 0
314, 27, 278, 687, 1, 0, 34.18%, 0, 0, 10, 4669.91, 4378869, 1067, 0, 0
319, 27, 688, 698, 12, 1, 34.34%, 0, 0, 10, 80.95, 4384614, 1072, 0, 0
325, 27, 688, 700, 14, 1, 34.34%, 0, 0, 10, 111.49, 4385248, 1072, 0, 0
330, 27, 688, 701, 15, 1, 34.34%, 0, 0, 10, 136.38, 4385955, 1072, 0, 0
335, 27, 688, 702, 16, 1, 34.34%, 0, 0, 10, 139.55, 4386707, 1072, 0, 0
340, 27, 701, 704, 17, 1, 34.34%, 0, 0, 10, 265.90, 4388220, 1072, 0, 0
345, 27, 600, 705, 14, 0, 34.34%, 0, 0, 10, 9757.17, 4411840, 1072, 0, 0
350, 27, 218, 705, 11, 0, 34.34%, 0, 0, 10, 12562.83, 4446327, 1072, 0, 0
355, 27, 702, 710, 16, 0, 34.34%, 0, 0, 10, 183.23, 4449295, 1072, 0, 0
360, 27, 705, 710, 15, 1, 34.34%, 0, 0, 10, 156.44, 4450041, 1072, 0, 0
366, 27, 709, 711, 15, 0, 34.34%, 0, 0, 10, 1733.28, 4461196, 1072, 0, 0
371, 27, 698, 711, 12, 0, 34.34%, 0, 0, 10, 6352.61, 4481859, 1072, 0, 0
376, 27, 257, 711, 8, 0, 34.34%, 0, 0, 10, 8860.00, 4495336, 1072, 0, 0
381, 28, 332, 711, 6, 0, 34.34%, 0, 0, 10, 20779.90, 4549845, 1072, 0, 0
386, 28, 697, 711, 4, 0, 34.34%, 0, 0, 10, 408.93, 4576919, 1072, 0, 0
392, 28, 685, 711, 3, 0, 34.34%, 0, 0, 10, 15402.08, 4661142, 1072, 0, 0
397, 29, 654, 711, 1, 0, 34.34%, 0, 0, 10, 8328.56, 4699879, 1072, 0, 0
402, 29, 583, 711, 1, 0, 34.34%, 0, 0, 10, 15843.95, 4794097, 1072, 0, 0
407, 30, 713, 714, 2, 0, 34.34%, 0, 0, 10, 16795.19, 4872416, 1072, 0, 0
412, 30, 449, 714, 0, 0, 34.34%, 0, 0, 10, 18894.66, 4972647, 1072, 0, 0
417, 30, 56, 714, 0, 0, 34.34%, 0, 0, 10, 19270.84, 5047413, 1072, 0, 0
422, 31, 505, 714, 0, 0, 34.34%, 0, 0, 10, 17865.96, 5137947, 1072, 0, 0
427, 32, 587, 716, 0, 0, 34.37%, 0, 0, 10, 19949.67, 5244759, 1073, 0, 0
432, 32, 649, 718, 0, 0, 34.40%, 0, 0, 10, 18076.32, 5337429, 1074, 0, 0
438, 33, 132, 719, 0, 0, 34.40%, 0, 0, 10, 21252.84, 5454088, 1074, 0, 0
443, 33, 33, 719, 0, 0, 34.40%, 0, 0, 10, 15050.96, 5525533, 1074, 0, 0
448, 33, 622, 719, 0, 0, 34.40%, 0, 0, 10, 19802.75, 5633385, 1074, 0, 0
453, 34, 472, 721, 0, 0, 34.40%, 0, 0, 10, 20103.71, 5736940, 1074, 0, 0
458, 35, 607, 722, 1, 0, 34.40%, 0, 0, 10, 24989.16, 5867915, 1074, 0, 0
463, 35, 14, 722, 1, 0, 34.40%, 0, 0, 10, 21776.74, 5964562, 1074, 0, 0
469, 36, 63, 722, 0, 0, 34.40%, 0, 0, 10, 21546.31, 6076143, 1074, 0, 0
474, 36, 30, 722, 0, 0, 34.40%, 0, 0, 10, 20557.07, 6179926, 1074, 0, 0
479, 37, 654, 723, 1, 0, 34.40%, 0, 0, 10, 20235.06, 6264775, 1074, 0, 0
484, 37, 587, 724, 0, 0, 34.40%, 0, 0, 10, 22690.76, 6384553, 1074, 0, 0
489, 38, 508, 724, 0, 0, 34.40%, 0, 0, 10, 8719.37, 6461919, 1074, 0, 0
496, 38, 685, 724, 0, 0, 34.40%, 0, 0, 10, 31079.03, 6596818, 1074, 0, 0
501, 39, 705, 725, 0, 0, 34.40%, 0, 0, 10, 20855.44, 6706685, 1074, 0, 0
506, 39, 725, 726, 0, 0, 34.40%, 0, 0, 10, 18907.26, 6803049, 1074, 0, 0
511, 39, 725, 728, 1, 0, 34.40%, 0, 0, 10, 15827.56, 6874371, 1074, 0, 0
517, 40, 506, 731, 1, 0, 34.40%, 0, 0, 10, 17449.19, 6973135, 1074, 0, 0
522, 40, 732, 733, 1, 0, 34.40%, 0, 0, 10, 19967.37, 7075044, 1074, 0, 0
527, 41, 733, 734, 0, 0, 34.43%, 0, 0, 10, 4359.05, 7167446, 1075, 0, 0
532, 41, 583, 734, 0, 0, 34.43%, 0, 0, 10, 16900.34, 7225646, 1075, 0, 0
537, 41, 732, 734, 0, 0, 34.43%, 0, 0, 10, 17903.58, 7314400, 1075, 0, 0
542, 42, 46, 734, 0, 0, 34.43%, 0, 0, 10, 17170.85, 7408143, 1075, 0, 0
547, 42, 30, 734, 0, 0, 34.43%, 0, 0, 10, 20071.60, 7508875, 1075, 0, 0
552, 42, 303, 734, 0, 0, 34.43%, 0, 0, 10, 17550.11, 7578847, 1075, 0, 0
557, 43, 488, 734, 0, 0, 34.43%, 0, 0, 10, 18015.83, 7671669, 1075, 0, 0
563, 43, 733, 734, 0, 0, 34.43%, 0, 0, 10, 20047.48, 7779116, 1075, 0, 0
568, 44, 483, 735, 0, 0, 34.43%, 0, 0, 10, 18921.84, 7873369, 1075, 0, 0
573, 44, 503, 735, 0, 0, 34.43%, 0, 0, 10, 17535.46, 7937544, 1075, 0, 0
578, 45, 630, 735, 0, 0, 34.43%, 0, 0, 10, 20608.94, 8048889, 1075, 0, 0
583, 45, 367, 737, 0, 0, 34.53%, 0, 0, 10, 20417.06, 8153283, 1078, 0, 0
588, 46, 450, 737, 0, 0, 34.53%, 0, 0, 10, 22283.68, 8266651, 1078, 0, 0
593, 46, 353, 738, 0, 0, 34.53%, 0, 0, 10, 19986.73, 8346433, 1078, 0, 0
598, 47, 624, 738, 0, 0, 34.53%, 0, 0, 10, 20173.74, 8449018, 1078, 0, 0
603, 47, 345, 742, 3, 0, 34.53%, 0, 0, 10, 37552.46, 8550820, 1078, 0, 0
609, 47, 750, 752, 6, 0, 34.53%, 0, 0, 10, 23693.33, 8662474, 1078, 0, 0
614, 48, 303, 758, 5, 0, 34.53%, 0, 0, 10, 49502.89, 8741889, 1078, 0, 0
619, 48, 637, 763, 6, 0, 34.53%, 0, 0, 10, 17837.58, 8798700, 1078, 0, 0
624, 48, 759, 764, 4, 0, 34.53%, 0, 0, 10, 28209.76, 8838450, 1078, 0, 0
629, 48, 483, 769, 3, 0, 34.53%, 0, 0, 10, 21702.29, 8940740, 1078, 0, 0
634, 49, 633, 770, 3, 0, 34.53%, 0, 0, 10, 19738.39, 9013922, 1078, 0, 0
639, 49, 769, 779, 5, 0, 34.53%, 0, 0, 10, 23952.08, 9141322, 1078, 0, 0
644, 50, 779, 782, 4, 0, 34.53%, 0, 0, 10, 23687.85, 9263053, 1078, 0, 0
649, 50, 780, 784, 3, 0, 34.53%, 0, 0, 10, 22478.52, 9376474, 1078, 0, 0
654, 50, 505, 786, 2, 0, 34.53%, 0, 0, 10, 20923.77, 9452236, 1078, 0, 0
659, 51, 503, 787, 1, 0, 34.53%, 0, 0, 10, 3727.68, 9506378, 1078, 0, 0
664, 51, 299, 790, 1, 0, 34.53%, 0, 0, 10, 21670.63, 9618057, 1078, 0, 0
669, 52, 761, 805, 7, 0, 34.53%, 0, 0, 10, 29009.62, 9779822, 1078, 0, 0
675, 52, 46, 805, 3, 0, 34.53%, 0, 0, 10, 26317.95, 9880171, 1078, 0, 0
680, 52, 13, 806, 2, 0, 34.53%, 0, 0, 10, 24663.37, 10001960, 1078, 0, 0
685, 53, 203, 814, 3, 0, 34.53%, 0, 0, 14, 25751.14, 10136300, 1078, 0, 0
690, 53, 303, 828, 8, 0, 34.53%, 0, 0, 16, 25769.14, 10265562, 1078, 0, 0
696, 53, 706, 835, 7, 0, 34.53%, 0, 0, 17, 1312.98, 10361565, 1078, 0, 0
701, 54, 683, 840, 6, 0, 34.53%, 0, 0, 17, 19572.54, 10465519, 1078, 0, 0
706, 54, 570, 843, 3, 0, 34.53%, 0, 0, 17, 32595.35, 10556543, 1078, 0, 0
711, 55, 226, 843, 0, 0, 34.53%, 0, 0, 17, 28451.31, 10670958, 1078, 0, 0
716, 55, 844, 848, 4, 0, 34.53%, 0, 0, 19, 18886.69, 10750105, 1078, 0, 0
722, 55, 50, 853, 4, 0, 34.53%, 0, 0, 19, 18812.47, 10843854, 1078, 0, 0
729, 55, 708, 854, 1, 0, 34.53%, 0, 0, 19, 911.45, 10918312, 1078, 0, 0
734, 56, 7, 856, 1, 0, 34.53%, 0, 0, 19, 22467.62, 11032189, 1078, 0, 0
739, 56, 683, 857, 1, 0, 34.53%, 0, 0, 19, 20081.10, 11135596, 1078, 0, 0
744, 57, 50, 858, 0, 0, 34.53%, 0, 0, 19, 25763.68, 11261004, 1078, 0, 0
749, 57, 151, 859, 1, 0, 34.53%, 0, 0, 19, 24102.40, 11364705, 1078, 0, 0
754, 57, 786, 862, 0, 0, 34.53%, 0, 0, 19, 27626.89, 11506853, 1078, 0, 0
759, 58, 693, 862, 0, 0, 34.53%, 0, 0, 19, 27224.36, 11637839, 1078, 0, 0
764, 58, 576, 862, 0, 0, 34.53%, 0, 0, 19, 23042.79, 11750188, 1078, 0, 0
769, 59, 576, 862, 0, 0, 34.53%, 0, 0, 19, 14201.38, 11821655, 1078, 0, 0
775, 59, 670, 862, 0, 0, 34.53%, 0, 0, 19, 21670.86, 11938977, 1078, 0, 0
780, 60, 215, 862, 0, 0, 34.53%, 0, 0, 19, 23753.21, 12058877, 1078, 0, 0
785, 60, 38, 863, 1, 0, 34.53%, 0, 0, 19, 26846.32, 12195684, 1078, 0, 0
790, 61, 863, 866, 3, 0, 34.53%, 0, 0, 19, 24995.65, 12319470, 1078, 0, 0
795, 61, 527, 866, 1, 0, 34.53%, 0, 0, 19, 26607.15, 12429657, 1078, 0, 0
800, 61, 670, 866, 0, 0, 34.53%, 0, 0, 19, 21691.88, 12535094, 1078, 0, 0
805, 62, 449, 866, 0, 0, 34.53%, 0, 0, 19, 22948.36, 12653285, 1078, 0, 0
810, 62, 118, 866, 0, 0, 34.53%, 0, 0, 19, 23278.53, 12772383, 1078, 0, 0
815, 63, 380, 867, 1, 0, 34.53%, 0, 0, 19, 12994.63, 12836932, 1078, 0, 0
820, 63, 368, 867, 1, 0, 34.53%, 0, 0, 19, 20908.46, 12951773, 1078, 0, 0
826, 64, 505, 868, 2, 0, 34.53%, 0, 0, 19, 25390.81, 13089569, 1078, 0, 0
831, 64, 817, 869, 0, 0, 34.53%, 0, 0, 19, 7283.53, 13170374, 1078, 0, 0
836, 64, 92, 870, 0, 0, 34.53%, 0, 0, 19, 17915.17, 13260014, 1078, 0, 0
841, 65, 450, 872, 1, 0, 34.53%, 0, 0, 19, 23230.83, 13390344, 1078, 0, 0
846, 65, 746, 874, 3, 0, 34.53%, 0, 0, 19, 21599.70, 13503212, 1078, 0, 0
851, 66, 871, 876, 3, 0, 34.53%, 0, 0, 20, 30046.33, 13661359, 1078, 0, 0
856, 66, 439, 876, 0, 0, 34.53%, 0, 0, 20, 29044.83, 13782389, 1078, 0, 0
861, 66, 387, 879, 0, 0, 34.53%, 0, 0, 20, 24497.09, 13897950, 1078, 0, 0
866, 67, 878, 880, 1, 0, 34.53%, 0, 0, 20, 24370.41, 14027894, 1078, 0, 0
871, 67, 746, 884, 4, 0, 34.53%, 0, 0, 20, 21620.85, 14127687, 1078, 0, 0
876, 67, 882, 886, 4, 0, 34.53%, 0, 0, 20, 8277.57, 14153795, 1078, 0, 0
882, 68, 68, 886, 1, 0, 34.53%, 0, 0, 20, 11388.80, 14240695, 1078, 0, 0
887, 68, 452, 888, 1, 0, 34.53%, 0, 0, 20, 17492.64, 14334523, 1078, 0, 0
892, 68, 887, 889, 1, 0, 34.53%, 0, 0, 20, 3225.11, 14398456, 1078, 0, 0
897, 68, 732, 889, 0, 0, 34.53%, 0, 0, 20, 19674.65, 14497447, 1078, 0, 0
902, 69, 512, 890, 1, 0, 34.53%, 0, 0, 20, 21486.37, 14611925, 1078, 0, 0
908, 69, 733, 891, 1, 0, 34.53%, 0, 0, 20, 22782.89, 14735657, 1078, 0, 0
913, 69, 888, 892, 1, 0, 34.53%, 0, 0, 20, 22172.95, 14845667, 1078, 0, 0
918, 70, 499, 892, 0, 0, 34.53%, 0, 0, 20, 23070.00, 14907061, 1078, 0, 0
923, 70, 685, 895, 2, 0, 34.53%, 0, 0, 20, 24111.56, 15028547, 1078, 0, 0
928, 71, 725, 896, 0, 0, 34.53%, 0, 0, 20, 24073.66, 15152312, 1078, 0, 0
933, 71, 368, 896, 0, 0, 34.53%, 0, 0, 20, 22163.14, 15263856, 1078, 0, 0
938, 71, 685, 896, 0, 0, 34.53%, 0, 0, 20, 22723.47, 15379542, 1078, 0, 0
943, 72, 488, 896, 0, 0, 34.53%, 0, 0, 20, 24293.82, 15480843, 1078, 0, 0
948, 72, 303, 896, 0, 0, 34.53%, 0, 0, 20, 22452.61, 15601564, 1078, 0, 0
954, 73, 573, 898, 2, 0, 34.53%, 0, 0, 20, 6106.16, 15712479, 1078, 0, 0
959, 73, 746, 898, 2, 0, 34.53%, 0, 0, 20, 21124.32, 15837572, 1078, 0, 0
964, 73, 503, 900, 3, 0, 34.53%, 0, 0, 20, 22780.59, 15952787, 1078, 0, 0
969, 74, 820, 900, 2, 0, 34.53%, 0, 0, 20, 10956.60, 16025140, 1078, 0, 0
974, 74, 789, 900, 2, 0, 34.53%, 0, 0, 20, 21838.36, 16147611, 1078, 0, 0
979, 75, 864, 902, 3, 0, 34.53%, 0, 0, 21, 27975.90, 16251372, 1078, 0, 0
984, 75, 31, 903, 3, 0, 34.53%, 0, 0, 21, 24346.03, 16369029, 1078, 0, 0
989, 75, 869, 903, 3, 0, 34.53%, 0, 0, 21, 17670.18, 16437695, 1078, 0, 0
994, 76, 788, 905, 2, 0, 34.53%, 0, 0, 21, 19467.48, 16531976, 1078, 0, 0
1000, 76, 869, 909, 5, 0, 34.53%, 0, 0, 22, 12177.63, 16594238, 1078, 0, 0
1005, 76, 789, 909, 2, 0, 34.53%, 0, 0, 22, 30954.55, 16683187, 1078, 0, 0
1010, 76, 733, 909, 2, 0, 34.53%, 0, 0, 22, 15508.66, 16762335, 1078, 0, 0
1015, 77, 449, 909, 2, 0, 34.53%, 0, 0, 22, 20753.32, 16874899, 1078, 0, 0
1020, 77, 576, 909, 1, 0, 34.53%, 0, 0, 22, 18829.62, 16970940, 1078, 0, 0
1025, 78, 746, 910, 2, 0, 34.53%, 0, 0, 22, 25928.63, 17105259, 1078, 0, 0
1030, 78, 505, 910, 2, 0, 34.53%, 0, 0, 22, 23098.10, 17183792, 1078, 0, 0
1035, 78, 450, 911, 3, 0, 34.53%, 0, 0, 22, 25876.66, 17312230, 1078, 0, 0
1040, 79, 840, 912, 1, 0, 34.53%, 0, 0, 23, 27739.77, 17414764, 1078, 0, 0
1046, 79, 754, 912, 1, 0, 34.53%, 0, 0, 23, 25492.43, 17537470, 1078, 0, 0
1051, 79, 158, 912, 0, 0, 34.53%, 0, 0, 23, 29286.23, 17600464, 1078, 0, 0
1056, 80, 607, 912, 0, 0, 34.53%, 0, 0, 23, 25694.93, 17724119, 1078, 0, 0
1061, 80, 746, 913, 1, 0, 34.53%, 0, 0, 23, 28912.50, 17866197, 1078, 0, 0
1066, 81, 450, 913, 0, 0, 34.53%, 0, 0, 23, 23949.30, 17984105, 1078, 0, 0
1071, 81, 688, 913, 0, 0, 34.53%, 0, 0, 23, 23212.97, 18062896, 1078, 0, 0
1076, 81, 872, 913, 0, 0, 34.53%, 0, 0, 23, 22729.47, 18182151, 1078, 0, 0
1081, 82, 511, 913, 0, 0, 34.53%, 0, 0, 23, 24834.21, 18311910, 1078, 0, 0
1088, 82, 436, 914, 0, 0, 34.53%, 0, 0, 23, 25414.68, 18452943, 1078, 0, 0
1093, 83, 196, 914, 0, 0, 34.53%, 0, 0, 23, 23788.06, 18572273, 1078, 0, 0
1099, 83, 759, 920, 3, 0, 34.53%, 0, 0, 23, 25255.64, 18704688, 1078, 0, 0
1104, 84, 911, 922, 3, 0, 34.53%, 0, 0, 23, 25696.68, 18834615, 1078, 0, 0
1109, 84, 645, 922, 0, 0, 34.53%, 0, 0, 23, 27145.46, 18965270, 1078, 0, 0
1114, 84, 637, 923, 1, 0, 34.53%, 0, 0, 23, 25345.19, 19088931, 1078, 0, 0
1119, 85, 493, 924, 2, 0, 34.53%, 0, 0, 23, 10876.30, 19159411, 1078, 0, 0
1124, 85, 887, 925, 1, 0, 34.53%, 0, 0, 23, 21689.06, 19281519, 1078, 0, 0
1129, 85, 536, 925, 0, 0, 34.53%, 0, 0, 23, 25235.38, 19405320, 1078, 0, 0
1134, 86, 542, 925, 0, 0, 34.53%, 0, 0, 23, 27325.61, 19561016, 1078, 0, 0
1139, 86, 853, 927, 1, 0, 34.53%, 0, 0, 23, 5381.83, 19644496, 1078, 0, 0
1144, 87, 421, 929, 0, 0, 34.53%, 0, 0, 23, 36790.00, 19751056, 1078, 0, 0
1150, 87, 450, 929, 0, 0, 34.53%, 0, 0, 23, 28162.11, 19880714, 1078, 0, 0
1155, 87, 871, 929, 0, 0, 34.53%, 0, 0, 23, 23414.68, 19998033, 1078, 0, 0
1160, 88, 719, 929, 0, 0, 34.53%, 0, 0, 23, 40995.17, 20086214, 1078, 0, 0
1165, 88, 656, 929, 0, 0, 34.53%, 0, 0, 23, 29875.37, 20218576, 1078, 0, 0
1170, 89, 345, 929, 0, 0, 34.53%, 0, 0, 23, 27258.83, 20352951, 1078, 0, 0
1175, 89, 733, 929, 0, 0, 34.53%, 0, 0, 23, 27602.49, 20493349, 1078, 0, 0
1180, 90, 888, 929, 0, 0, 34.53%, 0, 0, 23, 25791.27, 20596265, 1078, 0, 0
1185, 90, 303, 929, 0, 0, 34.53%, 0, 0, 23, 24474.66, 20719105, 1078, 0, 0
1191, 90, 929, 957, 28, 1, 34.79%, 0, 0, 23, 5719.62, 20828096, 1086, 0, 0
1196, 90, 13, 965, 17, 0, 34.79%, 0, 0, 23, 10742.14, 20886542, 1086, 0, 0
1201, 90, 960, 965, 11, 0, 34.79%, 0, 0, 23, 10891.09, 20914674, 1086, 0, 0
1206, 91, 493, 965, 7, 0, 34.79%, 0, 0, 23, 15318.55, 20997531, 1086, 0, 0
1211, 91, 947, 967, 5, 0, 34.82%, 0, 0, 23, 1603.96, 21080498, 1087, 0, 0
1216, 91, 967, 970, 3, 0, 34.82%, 0, 0, 23, 18447.01, 21178490, 1087, 0, 0
1221, 91, 683, 970, 2, 0, 34.82%, 0, 0, 23, 18035.88, 21245096, 1087, 0, 0
1226, 92, 970, 975, 4, 0, 34.82%, 0, 0, 23, 18770.54, 21347068, 1087, 0, 0
1231, 92, 978, 980, 4, 0, 34.82%, 0, 0, 23, 17585.00, 21434878, 1087, 0, 0
1236, 92, 976, 980, 2, 0, 34.82%, 0, 0, 23, 19250.40, 21535132, 1087, 0, 0
1242, 93, 587, 980, 2, 0, 34.82%, 0, 0, 23, 25943.28, 21678760, 1087, 0, 0
1247, 93, 976, 981, 1, 0, 34.82%, 0, 0, 23, 19092.88, 21737323, 1087, 0, 0
1252, 93, 885, 981, 0, 0, 34.82%, 0, 0, 23, 19344.06, 21828265, 1087, 0, 0
1257, 93, 473, 981, 0, 0, 34.82%, 0, 0, 23, 22393.48, 21945209, 1087, 0, 0
1262, 94, 92, 982, 0, 0, 34.82%, 0, 0, 23, 24389.16, 22068228, 1087, 0, 0
1267, 94, 687, 983, 0, 0, 34.82%, 0, 0, 23, 23131.61, 22150162, 1087, 0, 0
1272, 94, 356, 983, 0, 0, 34.82%, 0, 0, 23, 21593.30, 22265420, 1087, 0, 0
1277, 95, 976, 983, 0, 0, 34.82%, 0, 0, 23, 21905.85, 22380804, 1087, 0, 0
1282, 95, 970, 984, 1, 0, 34.82%, 0, 0, 23, 18552.39, 22478818, 1087, 0, 0
1287, 95, 751, 984, 1, 0, 34.82%, 0, 0, 23, 21689.60, 22592890, 1087, 0, 0
1293, 96, 487, 984, 1, 0, 34.82%, 0, 0, 23, 16811.77, 22647969, 1087, 0, 0
1298, 96, 976, 984, 0, 0, 34.82%, 0, 0, 23, 21606.86, 22773513, 1087, 0, 0
1303, 96, 976, 984, 0, 0, 34.82%, 0, 0, 23, 21264.27, 22881261, 1087, 0, 0
1310, 97, 781, 984, 0, 0, 34.82%, 0, 0, 23, 21536.36, 23019257, 1087, 0, 0
1315, 97, 191, 984, 0, 0, 34.82%, 0, 0, 23, 22942.44, 23142030, 1087, 0, 0
1320, 98, 613, 984, 0, 0, 34.82%, 0, 0, 23, 24845.36, 23263486, 1087, 0, 0
1325, 98, 984, 985, 1, 0, 34.82%, 0, 0, 23, 19513.33, 23361434, 1087, 0, 0
1330, 98, 915, 986, 1, 0, 34.82%, 0, 0, 23, 17147.89, 23435957, 1087, 0, 0
1335, 98, 571, 987, 0, 0, 34.82%, 0, 0, 23, 18837.31, 23522730, 1087, 0, 0
1341, 99, 898, 987, 0, 0, 34.82%, 0, 0, 23, 20800.11, 23631915, 1087, 0, 0
1346, 99, 987, 988, 1, 0, 34.82%, 0, 0, 23, 1778.09, 23715320, 1087, 0, 0
1351, 99, 976, 988, 0, 0, 34.82%, 0, 0, 23, 19450.07, 23814795, 1087, 0, 0
1358, 99, 688, 988, 0, 0, 34.82%, 0, 0, 23, 2495.49, 23917165, 1087, 0, 0
1363, 100, 266, 988, 0, 0, 34.82%, 0, 0, 23, 28639.24, 24017955, 1087, 0, 0
1368, 100, 976, 988, 0, 0, 34.82%, 0, 0, 23, 24370.38, 24132002, 1087, 0, 0
1373, 101, 787, 989, 1, 0, 34.82%, 0, 0, 23, 29917.54, 24251198, 1087, 0, 0
1378, 101, 739, 990, 1, 0, 34.82%, 0, 0, 23, 3565.96, 24322635, 1087, 0, 0
1383, 101, 990, 993, 3, 0, 34.82%, 0, 0, 24, 17830.48, 24412101, 1087, 0, 0
1388, 101, 705, 993, 0, 0, 34.82%, 0, 0, 24, 20417.45, 24516424, 1087, 0, 0
1394, 102, 857, 993, 0, 0, 34.82%, 0, 0, 24, 19914.47, 24620254, 1087, 0, 0
1399, 102, 939, 993, 0, 0, 34.82%, 0, 0, 24, 30011.13, 24711227, 1087, 0, 0
1404, 102, 505, 993, 0, 0, 34.82%, 0, 0, 24, 27827.04, 24842378, 1087, 0, 0
1409, 103, 449, 994, 1, 0, 34.82%, 0, 0, 24, 25679.12, 24966497, 1087, 0, 0
1414, 103, 988, 994, 0, 0, 34.82%, 0, 0, 24, 26238.34, 25081869, 1087, 0, 0
1419, 103, 720, 994, 0, 0, 34.82%, 0, 0, 24, 11547.88, 25152970, 1087, 0, 0
1424, 104, 421, 995, 0, 0, 34.82%, 0, 0, 24, 16381.90, 25259394, 1087, 0, 0
1429, 104, 416, 996, 1, 0, 34.82%, 0, 0, 24, 30350.61, 25366772, 1087, 0, 0
1434, 104, 831, 997, 1, 0, 34.82%, 0, 0, 24, 25761.93, 25500179, 1087, 0, 0
1439, 105, 746, 1000, 2, 0, 34.82%, 0, 0, 24, 22335.15, 25575059, 1087, 0, 0
1444, 105, 987, 1002, 1, 0, 34.82%, 0, 0, 24, 19761.21, 25678024, 1087, 0, 0
1450, 105, 46, 1002, 1, 0, 34.82%, 0, 0, 24, 23425.31, 25796006, 1087, 0, 0
1455, 106, 937, 1002, 0, 0, 34.82%, 0, 0, 24, 22765.59, 25882109, 1087, 0, 0
1461, 106, 957, 1003, 1, 0, 34.82%, 0, 0, 24, 22848.96, 25980757, 1087, 0, 0
1466, 106, 191, 1003, 0, 0, 34.82%, 0, 0, 24, 26660.90, 26099762, 1087, 0, 0
1471, 107, 323, 1003, 0, 0, 34.82%, 0, 0, 24, 16072.37, 26215813, 1087, 0, 0
1476, 107, 493, 1003, 0, 0, 34.82%, 0, 0, 24, 20826.91, 26331012, 1087, 0, 0
1481, 107, 420, 1003, 0, 0, 34.82%, 0, 0, 24, 21974.63, 26428896, 1087, 0, 0
1486, 108, 884, 1003, 0, 0, 34.82%, 0, 0, 24, 24136.71, 26554573, 1087, 0, 0
1491, 108, 826, 1003, 0, 0, 34.82%, 0, 0, 24, 24618.78, 26680883, 1087, 0, 0
1496, 108, 710, 1003, 0, 0, 34.82%, 0, 0, 24, 21540.52, 26792536, 1087, 0, 0
1503, 109, 933, 1003, 0, 0, 34.82%, 0, 0, 24, 22377.29, 26920922, 1087, 0, 0
1508, 109, 21, 1004, 0, 0, 34.82%, 0, 0, 24, 24708.07, 27043719, 1087, 0, 0
1513, 110, 713, 1004, 0, 0, 34.82%, 0, 0, 24, 22571.27, 27154053, 1087, 0, 0
1519, 110, 746, 1004, 0, 0, 34.82%, 0, 0, 24, 24155.67, 27282133, 1087, 0, 0
1524, 110, 998, 1004, 0, 0, 34.82%, 0, 0, 24, 23617.94, 27399113, 1087, 0, 0
1529, 111, 255, 1005, 0, 0, 34.82%, 0, 0, 24, 8230.12, 27459641, 1087, 0, 0
1534, 111, 670, 1005, 0, 0, 34.82%, 0, 0, 24, 17696.97, 27562746, 1087, 0, 0
1539, 111, 473, 1005, 0, 0, 34.82%, 0, 0, 24, 21767.16, 27675723, 1087, 0, 0
1544, 112, 968, 1005, 0, 0, 34.82%, 0, 0, 24, 21005.11, 27779094, 1087, 0, 0
1549, 112, 511, 1006, 1, 0, 34.82%, 0, 0, 24, 22906.72, 27864265, 1087, 0, 0
1557, 112, 1005, 1006, 1, 0, 34.82%, 0, 0, 24, 1360.01, 27963486, 1087, 0, 0
1562, 112, 1005, 1006, 1, 0, 34.82%, 0, 0, 24, 128.29, 27964150, 1087, 0, 0
1567, 112, 1005, 1006, 1, 0, 34.82%, 0, 0, 24, 128.71, 27964832, 1087, 0, 0
1572, 112, 705, 1006, 0, 0, 34.82%, 0, 0, 24, 12558.33, 28004948, 1087, 0, 0
1577, 113, 505, 1006, 0, 0, 34.82%, 0, 0, 24, 19540.50, 28106166, 1087, 0, 0
1582, 113, 852, 1006, 0, 0, 34.82%, 0, 0, 24, 22221.61, 28232528, 1087, 0, 0
1588, 113, 887, 1006, 0, 0, 34.82%, 0, 0, 24, 7546.51, 28298043, 1087, 0, 0
1593, 114, 670, 1006, 0, 0, 34.82%, 0, 0, 24, 22549.07, 28397916, 1087, 0, 0
1598, 114, 606, 1007, 1, 0, 34.82%, 0, 0, 24, 21736.43, 28505734, 1087, 0, 0
1603, 114, 116, 1007, 1, 0, 34.82%, 0, 0, 24, 23859.38, 28627433, 1087, 0, 0
1608, 115, 293, 1008, 2, 0, 34.82%, 0, 0, 24, 22553.36, 28709080, 1087, 0, 0
1613, 115, 789, 1009, 1, 0, 34.82%, 0, 0, 24, 24907.37, 28834062, 1087, 0, 0
1618, 115, 998, 1009, 0, 0, 34.82%, 0, 0, 24, 22146.98, 28945250, 1087, 0, 0
1623, 116, 489, 1009, 0, 0, 34.82%, 0, 0, 24, 20060.56, 29046994, 1087, 0, 0
1628, 116, 507, 1009, 0, 0, 34.82%, 0, 0, 24, 20691.81, 29135279, 1087, 0, 0
1634, 116, 670, 1011, 0, 0, 34.82%, 0, 0, 24, 20083.38, 29246817, 1087, 0, 0
1639, 117, 725, 1011, 0, 0, 34.82%, 0, 0, 24, 24110.47, 29371794, 1087, 0, 0
1644, 117, 810, 1011, 0, 0, 34.82%, 0, 0, 24, 23503.22, 29487432, 1087, 0, 0
1649, 118, 614, 1011, 0, 0, 34.82%, 0, 0, 24, 23416.88, 29611197, 1087, 0, 0
1654, 118, 421, 1011, 0, 0, 34.82%, 0, 0, 24, 21765.20, 29686336, 1087, 0, 0
1659, 118, 749, 1011, 0, 0, 34.82%, 0, 0, 24, 23159.29, 29807270, 1087, 0, 0
1664, 119, 298, 1012, 1, 0, 34.82%, 0, 0, 24, 22426.22, 29921845, 1087, 0, 0
1670, 119, 637, 1013, 0, 0, 34.82%, 0, 0, 24, 22880.28, 30042197, 1087, 0, 0
1675, 119, 845, 1013, 0, 0, 34.82%, 0, 0, 24, 22058.93, 30147520, 1087, 0, 0
1680, 120, 760, 1013, 0, 0, 34.82%, 0, 0, 24, 24492.18, 30279467, 1087, 0, 0
1685, 120, 1012, 1013, 0, 0, 34.82%, 0, 0, 24, 22434.26, 30387264, 1087, 0, 0
1691, 120, 959, 1013, 0, 0, 34.82%, 0, 0, 24, 19181.55, 30470330, 1087, 0, 0
1696, 120, 92, 1013, 0, 0, 34.82%, 0, 0, 24, 20988.97, 30575161, 1087, 0, 0
1701, 121, 511, 1013, 0, 0, 34.82%, 0, 0, 24, 23245.94, 30699569, 1087, 0, 0
1706, 121, 971, 1013, 0, 0, 34.82%, 0, 0, 24, 24055.73, 30819847, 1087, 0, 0
1712, 121, 991, 1013, 0, 0, 34.82%, 0, 0, 24, 21264.72, 30916772, 1087, 0, 0
1717, 122, 976, 1013, 0, 0, 34.82%, 0, 0, 24, 22501.88, 31003600, 1087, 0, 0
1722, 122, 145, 1020, 3, 0, 34.82%, 0, 0, 24, 27991.16, 31147262, 1087, 0, 0
1727, 122, 1013, 1020, 1, 0, 34.82%, 0, 0, 24, 27215.09, 31277283, 1087, 0, 0
1732, 123, 759, 1021, 0, 0, 34.82%, 0, 0, 24, 31591.00, 31401050, 1087, 0, 0
1737, 123, 915, 1021, 0, 0, 34.82%, 0, 0, 24, 25285.01, 31511142, 1087, 0, 0
1742, 123, 214, 1022, 0, 0, 34.82%, 0, 0, 24, 24739.65, 31635203, 1087, 0, 0
1747, 124, 1005, 1022, 0, 0, 34.82%, 0, 0, 24, 22258.36, 31714164, 1087, 0, 0
1752, 124, 976, 1022, 0, 0, 34.82%, 0, 0, 24, 24645.45, 31846572, 1087, 0, 0
1757, 124, 705, 1022, 0, 0, 34.82%, 0, 0, 24, 21745.04, 31957712, 1087, 0, 0
1762, 125, 1012, 1023, 1, 0, 34.82%, 0, 0, 24, 24137.50, 32053880, 1087, 0, 0
1768, 125, 725, 1023, 1, 0, 34.82%, 0, 0, 24, 21946.92, 32145867, 1087, 0, 0
1773, 125, 725, 1024, 0, 0, 34.82%, 0, 0, 24, 17339.79, 32231359, 1087, 0, 0
1778, 126, 568, 1024, 0, 0, 34.82%, 0, 0, 24, 25553.48, 32331868, 1087, 0, 0
1783, 126, 670, 1024, 0, 0, 34.82%, 0, 0, 24, 25753.95, 32458854, 1087, 0, 0
1788, 126, 881, 1024, 0, 0, 34.82%, 0, 0, 24, 25339.35, 32588608, 1087, 0, 0
1793, 127, 46, 1024, 0, 0, 34.82%, 0, 0, 24, 25674.49, 32683035, 1087, 0, 0
1798, 127, 503, 1026, 1, 0, 34.82%, 0, 0, 24, 23136.16, 32797863, 1087, 0, 0
1801, 127, 685, 1026, 1, 0, 34.82%, 0, 0, 24, 24949.20, 32878220, 1087, 0, 0
