# relative_time, cycles_done, cur_item, corpus_count, pending_total, pending_favs, map_size, saved_crashes, saved_hangs, max_depth, execs_per_sec, total_execs, edges_found, total_crashes, servers_count
61, 3, 427, 631, 19, 0, 30.21%, 0, 0, 12, 23834.66, 1201781, 925, 0, 0
66, 3, 65, 638, 11, 0, 30.37%, 0, 0, 12, 26634.68, 1344768, 930, 0, 0
71, 4, 363, 641, 6, 0, 30.50%, 0, 0, 12, 23652.57, 1457913, 934, 0, 0
78, 4, 13, 645, 3, 0, 30.57%, 0, 0, 12, 5880.51, 1605987, 936, 0, 0
83, 5, 596, 651, 3, 0, 30.57%, 0, 0, 14, 40114.12, 1782000, 936, 0, 0
88, 6, 510, 653, 0, 0, 30.67%, 0, 0, 14, 35491.18, 1947343, 939, 0, 0
93, 6, 564, 654, 0, 0, 30.67%, 0, 0, 14, 33716.87, 2110798, 939, 0, 0
98, 7, 262, 654, 0, 0, 30.67%, 0, 0, 14, 2232.42, 2258595, 939, 0, 0
103, 8, 252, 657, 1, 0, 30.67%, 0, 0, 14, 32305.31, 2419121, 939, 0, 0
108, 8, 436, 658, 0, 0, 30.67%, 0, 0, 14, 22060.46, 2592517, 939, 0, 0
114, 9, 391, 668, 1, 0, 32.14%, 0, 0, 14, 8995.40, 2763684, 984, 0, 0
119, 9, 596, 670, 2, 0, 32.14%, 0, 0, 14, 35901.32, 2932322, 984, 0, 0
124, 10, 560, 673, 3, 0, 32.14%, 0, 0, 14, 61211.78, 3048051, 984, 0, 0
129, 10, 360, 678, 4, 0, 32.14%, 0, 0, 14, 42960.92, 3217506, 984, 0, 0
134, 11, 638, 679, 0, 0, 32.17%, 0, 0, 14, 43631.60, 3423072, 985, 0, 0
139, 12, 458, 686, 3, 0, 32.17%, 0, 0, 14, 39584.10, 3614154, 985, 0, 0
144, 12, 182, 694, 4, 0, 32.30%, 0, 0, 14, 42747.29, 3810053, 989, 0, 0
149, 13, 650, 732, 21, 0, 32.72%, 0, 0, 14, 38489.31, 3995346, 1002, 0, 0
154, 13, 418, 742, 9, 0, 32.82%, 0, 0, 14, 42610.29, 4205323, 1005, 0, 0
160, 14, 606, 746, 3, 0, 32.82%, 0, 0, 14, 48344.91, 4442865, 1005, 0, 0
165, 15, 614, 749, 3, 0, 32.82%, 0, 0, 14, 45268.76, 4643551, 1005, 0, 0
170, 15, 596, 754, 3, 0, 32.82%, 0, 0, 14, 41418.99, 4844436, 1005, 0, 0
175, 16, 770, 783, 25, 0, 33.15%, 0, 0, 15, 26972.76, 4969486, 1015, 0, 0
180, 16, 678, 798, 10, 0, 33.15%, 0, 0, 16, 40104.02, 5186562, 1015, 0, 0
185, 17, 258, 810, 9, 0, 33.28%, 0, 0, 20, 42318.97, 5410257, 1019, 0, 0
190, 17, 754, 841, 14, 0, 33.44%, 0, 0, 21, 48407.45, 5610820, 1024, 0, 0
195, 18, 833, 855, 14, 0, 33.44%, 0, 0, 22, 44385.43, 5832724, 1024, 0, 0
200, 18, 596, 861, 6, 0, 33.51%, 0, 0, 22, 45272.47, 6064417, 1026, 0, 0
205, 19, 117, 863, 1, 0, 33.51%, 0, 0, 22, 46822.35, 6299196, 1026, 0, 0
210, 19, 510, 866, 1, 0, 33.51%, 0, 0, 22, 49640.66, 6459428, 1026, 0, 0
216, 20, 575, 870, 2, 0, 33.51%, 0, 0, 22, 50482.89, 6708552, 1026, 0, 0
221, 20, 834, 872, 2, 0, 33.51%, 0, 0, 22, 46655.30, 6942998, 1026, 0, 0
226, 21, 781, 872, 0, 0, 33.51%, 0, 0, 22, 46682.92, 7167155, 1026, 0, 0
231, 21, 230, 876, 2, 0, 33.51%, 0, 0, 22, 41633.86, 7381368, 1026, 0, 0
236, 22, 427, 879, 4, 0, 33.51%, 0, 0, 23, 50020.00, 7456131, 1026, 0, 0
241, 22, 540, 880, 3, 0, 33.51%, 0, 0, 24, 46688.97, 7598119, 1026, 0, 0
247, 22, 295, 881, 1, 0, 33.51%, 0, 0, 24, 6965.37, 7719993, 1026, 0, 0
252, 23, 872, 881, 0, 0, 33.51%, 0, 0, 24, 36371.68, 7915242, 1026, 0, 0
257, 23, 3, 883, 1, 0, 33.51%, 0, 0, 24, 49977.63, 8121806, 1026, 0, 0
262, 24, 670, 885, 0, 0, 33.51%, 0, 0, 24, 45620.34, 8344942, 1026, 0, 0
268, 24, 290, 885, 0, 0, 33.51%, 0, 0, 24, 7564.53, 8513035, 1026, 0, 0
274, 25, 872, 886, 0, 0, 33.51%, 0, 0, 24, 35802.74, 8731698, 1026, 0, 0
279, 25, 656, 888, 1, 0, 33.51%, 0, 0, 24, 53371.67, 8910606, 1026, 0, 0
284, 26, 680, 888, 0, 0, 33.51%, 0, 0, 24, 40761.75, 9107314, 1026, 0, 0
289, 26, 596, 889, 1, 0, 33.51%, 0, 0, 24, 54402.08, 9212430, 1026, 0, 0
294, 27, 243, 889, 1, 0, 33.51%, 0, 0, 24, 44918.52, 9427801, 1026, 0, 0
299, 27, 872, 890, 1, 0, 33.51%, 0, 0, 24, 37605.29, 9596416, 1026, 0, 0
304, 27, 842, 891, 2, 0, 33.51%, 0, 0, 24, 39864.17, 9779880, 1026, 0, 0
310, 28, 820, 892, 0, 0, 33.51%, 0, 0, 24, 50935.81, 9999340, 1026, 0, 0
315, 28, 872, 892, 0, 0, 33.51%, 0, 0, 24, 44073.55, 10190160, 1026, 0, 0
320, 29, 11, 892, 0, 0, 33.51%, 0, 0, 24, 3678.29, 10285287, 1026, 0, 0
325, 29, 596, 896, 3, 0, 33.51%, 0, 0, 24, 44728.88, 10507760, 1026, 0, 0
330, 30, 872, 896, 2, 0, 33.51%, 0, 0, 24, 44232.58, 10719903, 1026, 0, 0
335, 30, 606, 898, 0, 0, 33.57%, 0, 0, 24, 12734.27, 10893181, 1028, 0, 0
340, 31, 872, 910, 8, 0, 33.57%, 0, 0, 24, 10753.93, 11127880, 1028, 0, 0
347, 31, 291, 913, 6, 0, 33.57%, 0, 0, 24, 12734.89, 11244475, 1028, 0, 0
352, 32, 755, 914, 2, 0, 33.57%, 0, 0, 24, 43040.35, 11480193, 1028, 0, 0
357, 32, 281, 916, 0, 0, 33.57%, 0, 0, 24, 19169.81, 11695816, 1028, 0, 0
362, 33, 872, 916, 0, 0, 33.57%, 0, 0, 24, 7178.84, 11890847, 1028, 0, 0
367, 33, 755, 916, 0, 0, 33.57%, 0, 0, 24, 36611.94, 12031123, 1028, 0, 0
372, 33, 705, 916, 0, 0, 33.57%, 0, 0, 24, 42610.78, 12208493, 1028, 0, 0
377, 34, 490, 916, 0, 0, 33.57%, 0, 0, 24, 39871.02, 12402219, 1028, 0, 0
382, 34, 351, 916, 0, 0, 33.57%, 0, 0, 24, 25563.61, 12612542, 1028, 0, 0
388, 35, 293, 916, 0, 0, 33.57%, 0, 0, 24, 5537.88, 12782016, 1028, 0, 0
393, 35, 705, 917, 0, 0, 33.57%, 0, 0, 24, 49679.98, 13027642, 1028, 0, 0
399, 36, 628, 917, 0, 0, 33.57%, 0, 0, 24, 48551.76, 13263577, 1028, 0, 0
404, 36, 486, 917, 0, 0, 33.57%, 0, 0, 24, 24423.47, 13455050, 1028, 0, 0
409, 37, 452, 917, 0, 0, 33.57%, 0, 0, 24, 42788.47, 13591107, 1028, 0, 0
414, 37, 106, 918, 1, 0, 33.57%, 0, 0, 24, 59889.62, 13826517, 1028, 0, 0
419, 38, 835, 918, 0, 0, 33.57%, 0, 0, 24, 24073.08, 14037532, 1028, 0, 0
424, 39, 423, 919, 1, 0, 33.57%, 0, 0, 24, 43136.77, 14291961, 1028, 0, 0
429, 39, 303, 919, 0, 0, 33.57%, 0, 0, 24, 4124.20, 14438693, 1028, 0, 0
435, 39, 919, 920, 1, 0, 33.57%, 0, 0, 24, 52216.96, 14633777, 1028, 0, 0
440, 40, 258, 921, 1, 0, 33.57%, 0, 0, 24, 47558.19, 14817774, 1028, 0, 0
445, 40, 650, 921, 0, 0, 33.57%, 0, 0, 24, 42977.14, 15003828, 1028, 0, 0
450, 41, 473, 922, 0, 0, 33.57%, 0, 0, 24, 43474.21, 15213681, 1028, 0, 0
455, 41, 844, 922, 0, 0, 33.57%, 0, 0, 24, 35440.33, 15403456, 1028, 0, 0
460, 42, 922, 924, 1, 0, 33.61%, 0, 0, 24, 38201.63, 15631104, 1029, 0, 0
465, 42, 102, 924, 0, 0, 33.61%, 0, 0, 24, 40161.21, 15799403, 1029, 0, 0
470, 43, 428, 924, 0, 0, 33.61%, 0, 0, 24, 51225.77, 16070656, 1029, 0, 0
475, 43, 754, 926, 0, 0, 33.61%, 0, 0, 24, 55572.64, 16334327, 1029, 0, 0
480, 44, 882, 926, 0, 0, 33.61%, 0, 0, 24, 53695.70, 16593339, 1029, 0, 0
485, 45, 263, 926, 0, 0, 33.61%, 0, 0, 24, 59044.34, 16830133, 1029, 0, 0
490, 45, 147, 926, 0, 0, 33.61%, 0, 0, 24, 54037.24, 17021537, 1029, 0, 0
496, 46, 560, 926, 0, 0, 33.61%, 0, 0, 24, 54672.61, 17282182, 1029, 0, 0
501, 46, 606, 926, 0, 0, 33.61%, 0, 0, 24, 51307.60, 17501529, 1029, 0, 0
506, 47, 302, 926, 0, 0, 33.61%, 0, 0, 24, 7707.42, 17641526, 1029, 0, 0
511, 47, 492, 926, 0, 0, 33.61%, 0, 0, 24, 58652.70, 17880367, 1029, 0, 0
516, 48, 844, 926, 0, 0, 33.61%, 0, 0, 24, 52698.07, 18130751, 1029, 0, 0
521, 48, 872, 926, 0, 0, 33.61%, 0, 0, 24, 51177.87, 18383035, 1029, 0, 0
526, 49, 315, 926, 0, 0, 33.61%, 0, 0, 24, 44447.04, 18632199, 1029, 0, 0
531, 50, 693, 927, 1, 0, 33.61%, 0, 0, 24, 51586.97, 18900559, 1029, 0, 0
536, 50, 458, 927, 0, 0, 33.61%, 0, 0, 24, 25552.70, 19092842, 1029, 0, 0
541, 51, 410, 928, 1, 0, 33.61%, 0, 0, 24, 54052.32, 19310051, 1029, 0, 0
546, 51, 550, 930, 0, 0, 33.61%, 0, 0, 24, 53655.91, 19585004, 1029, 0, 0
552, 52, 664, 930, 0, 0, 33.61%, 0, 0, 24, 48379.24, 19828043, 1029, 0, 0
557, 52, 835, 931, 0, 0, 33.61%, 0, 0, 24, 52315.90, 20103133, 1029, 0, 0
562, 53, 492, 931, 0, 0, 33.61%, 0, 0, 24, 55282.17, 20386000, 1029, 0, 0
567, 54, 486, 936, 0, 0, 33.74%, 0, 0, 24, 63853.94, 20657712, 1033, 0, 0
572, 54, 915, 936, 0, 0, 33.74%, 0, 0, 24, 67384.92, 20808885, 1033, 0, 0
577, 55, 872, 936, 0, 0, 33.74%, 0, 0, 24, 51049.80, 21028686, 1033, 0, 0
582, 55, 486, 936, 0, 0, 33.74%, 0, 0, 24, 51465.34, 21281603, 1033, 0, 0
587, 56, 726, 936, 0, 0, 33.74%, 0, 0, 24, 52702.12, 21548351, 1033, 0, 0
593, 56, 688, 937, 0, 0, 33.74%, 0, 0, 24, 57549.62, 21848294, 1033, 0, 0
598, 57, 506, 937, 0, 0, 33.74%, 0, 0, 24, 55275.00, 22074184, 1033, 0, 0
604, 57, 940, 941, 2, 1, 33.80%, 0, 0, 24, 49523.38, 22262487, 1035, 0, 0
609, 58, 949, 955, 7, 0, 33.83%, 0, 0, 24, 39691.19, 22479488, 1036, 0, 0
614, 58, 946, 955, 4, 0, 33.83%, 0, 0, 24, 5543.65, 22628044, 1036, 0, 0
619, 58, 947, 962, 6, 0, 33.83%, 0, 0, 24, 44361.36, 22794857, 1036, 0, 0
629, 59, 961, 964, 4, 0, 33.83%, 0, 0, 24, 1686.61, 22921304, 1036, 0, 0
635, 59, 961, 964, 4, 0, 33.83%, 0, 0, 24, 114.40, 22921895, 1036, 0, 0
640, 59, 961, 964, 4, 0, 33.83%, 0, 0, 24, 131.33, 22923056, 1036, 0, 0
646, 59, 964, 966, 1, 0, 33.90%, 0, 0, 24, 58593.66, 23166203, 1038, 0, 0
651, 59, 975, 978, 5, 0, 33.90%, 0, 0, 24, 50355.36, 23292642, 1038, 0, 0
656, 60, 263, 979, 3, 0, 33.90%, 0, 0, 24, 37017.92, 23444490, 1038, 0, 0
661, 60, 243, 980, 0, 0, 33.90%, 0, 0, 24, 48246.73, 23676579, 1038, 0, 0
666, 61, 560, 980, 0, 0, 33.90%, 0, 0, 24, 66545.00, 23901857, 1038, 0, 0
671, 61, 283, 981, 1, 0, 33.90%, 0, 0, 24, 51656.72, 24107890, 1038, 0, 0
676, 62, 115, 985, 1, 0, 33.90%, 0, 0, 24, 47124.85, 24282546, 1038, 0, 0
681, 62, 872, 986, 1, 0, 33.90%, 0, 0, 24, 53727.42, 24459231, 1038, 0, 0
687, 62, 950, 1006, 12, 0, 33.90%, 0, 0, 24, 53148.29, 24726560, 1038, 0, 0
692, 63, 887, 1018, 7, 0, 33.90%, 0, 0, 24, 58577.65, 24941690, 1038, 0, 0
697, 63, 906, 1024, 4, 0, 33.90%, 0, 0, 24, 60431.00, 25128261, 1038, 0, 0
702, 64, 128, 1026, 2, 0, 33.90%, 0, 0, 24, 36763.65, 25326948, 1038, 0, 0
707, 64, 663, 1030, 4, 0, 34.13%, 0, 0, 24, 62518.90, 25461092, 1045, 0, 0
712, 64, 732, 1032, 2, 0, 34.16%, 0, 0, 24, 50972.83, 25693025, 1046, 0, 0
717, 65, 354, 1036, 6, 0, 34.16%, 0, 0, 24, 15233.77, 25896312, 1046, 0, 0
722, 65, 890, 1039, 3, 0, 34.23%, 0, 0, 24, 37124.76, 26101592, 1048, 0, 0
727, 66, 1026, 1042, 3, 0, 34.23%, 0, 0, 24, 45773.43, 26310286, 1048, 0, 0
732, 66, 526, 1044, 2, 0, 34.23%, 0, 0, 24, 49668.69, 26455998, 1048, 0, 0
737, 66, 1044, 1045, 2, 0, 34.23%, 0, 0, 24, 46405.17, 26685617, 1048, 0, 0
743, 67, 486, 1045, 1, 0, 34.23%, 0, 0, 24, 43457.97, 26920709, 1048, 0, 0
748, 68, 569, 1047, 2, 0, 34.23%, 0, 0, 24, 51087.90, 27186695, 1048, 0, 0
753, 68, 1036, 1047, 1, 0, 34.23%, 0, 0, 24, 49572.11, 27428953, 1048, 0, 0
758, 68, 887, 1050, 1, 0, 34.23%, 0, 0, 24, 42953.91, 27593166, 1048, 0, 0
763, 69, 1048, 1051, 0, 0, 34.23%, 0, 0, 24, 10731.56, 27841492, 1048, 0, 0
769, 70, 856, 1051, 0, 0, 34.23%, 0, 0, 24, 37322.16, 28060198, 1048, 0, 0
774, 70, 1048, 1055, 2, 0, 34.23%, 0, 0, 24, 14448.76, 28225778, 1048, 0, 0
779, 70, 484, 1055, 0, 0, 34.23%, 0, 0, 24, 37599.05, 28447133, 1048, 0, 0
784, 71, 560, 1055, 0, 0, 34.23%, 0, 0, 24, 26771.48, 28623770, 1048, 0, 0
789, 71, 872, 1055, 0, 0, 34.23%, 0, 0, 24, 43019.48, 28859744, 1048, 0, 0
794, 72, 834, 1055, 0, 0, 34.23%, 0, 0, 24, 40796.64, 29104288, 1048, 0, 0
799, 72, 946, 1058, 0, 0, 34.23%, 0, 0, 24, 60335.38, 29364894, 1048, 0, 0
804, 72, 656, 1058, 0, 0, 34.23%, 0, 0, 24, 41957.37, 29507463, 1048, 0, 0
809, 73, 961, 1059, 1, 0, 34.23%, 0, 0, 24, 50621.02, 29774441, 1048, 0, 0
814, 74, 564, 1060, 1, 0, 34.23%, 0, 0, 24, 51217.95, 30009332, 1048, 0, 0
819, 74, 185, 1060, 0, 0, 34.23%, 0, 0, 24, 54271.84, 30285476, 1048, 0, 0
824, 75, 1034, 1061, 1, 0, 34.23%, 0, 0, 24, 52320.72, 30534496, 1048, 0, 0
830, 75, 973, 1063, 0, 0, 34.23%, 0, 0, 24, 6655.75, 30754696, 1048, 0, 0
836, 76, 872, 1063, 0, 0, 34.23%, 0, 0, 24, 51013.01, 30995755, 1048, 0, 0
841, 76, 294, 1063, 0, 0, 34.23%, 0, 0, 24, 50788.94, 31243904, 1048, 0, 0
846, 77, 872, 1063, 0, 0, 34.23%, 0, 0, 24, 51189.72, 31510227, 1048, 0, 0
851, 77, 835, 1063, 0, 0, 34.23%, 0, 0, 24, 47510.40, 31674951, 1048, 0, 0
856, 78, 1056, 1063, 0, 0, 34.23%, 0, 0, 24, 52573.21, 31967291, 1048, 0, 0
862, 78, 490, 1065, 1, 0, 34.23%, 0, 0, 24, 53610.29, 32223796, 1048, 0, 0
867, 79, 872, 1066, 0, 0, 34.23%, 0, 0, 24, 9647.30, 32445136, 1048, 0, 0
872, 79, 263, 1068, 0, 0, 34.23%, 0, 0, 24, 38831.59, 32678166, 1048, 0, 0
877, 80, 717, 1069, 1, 0, 34.23%, 0, 0, 24, 42598.14, 32834619, 1048, 0, 0
882, 80, 553, 1071, 0, 0, 34.23%, 0, 0, 24, 57344.42, 33008986, 1048, 0, 0
887, 80, 663, 1072, 0, 0, 34.23%, 0, 0, 24, 48369.39, 33236013, 1048, 0, 0
894, 81, 1069, 1075, 1, 0, 34.23%, 0, 0, 24, 8784.38, 33486672, 1048, 0, 0
899, 82, 222, 1076, 1, 0, 34.23%, 0, 0, 24, 53469.23, 33730479, 1048, 0, 0
904, 82, 443, 1076, 0, 0, 34.23%, 0, 0, 24, 46344.76, 33953807, 1048, 0, 0
909, 83, 872, 1077, 0, 0, 34.23%, 0, 0, 24, 47711.18, 34196536, 1048, 0, 0
915, 83, 1070, 1077, 0, 0, 34.23%, 0, 0, 24, 5186.77, 34373486, 1048, 0, 0
920, 83, 872, 1078, 0, 0, 34.23%, 0, 0, 24, 24048.71, 34579639, 1048, 0, 0
925, 84, 1010, 1078, 0, 0, 34.23%, 0, 0, 24, 49306.07, 34859247, 1048, 0, 0
930, 84, 727, 1078, 0, 0, 34.23%, 0, 0, 24, 44197.65, 35111825, 1048, 0, 0
935, 85, 986, 1078, 0, 0, 34.23%, 0, 0, 24, 47865.32, 35288817, 1048, 0, 0
940, 85, 16, 1078, 0, 0, 34.23%, 0, 0, 24, 54917.97, 35538069, 1048, 0, 0
945, 86, 733, 1078, 0, 0, 34.23%, 0, 0, 24, 52148.04, 35788006, 1048, 0, 0
951, 86, 567, 1078, 0, 0, 34.23%, 0, 0, 24, 71415.00, 36025714, 1048, 0, 0
957, 87, 1044, 1078, 0, 0, 34.23%, 0, 0, 24, 5102.36, 36220120, 1048, 0, 0
962, 87, 354, 1078, 0, 0, 34.23%, 0, 0, 24, 55508.82, 36472002, 1048, 0, 0
968, 88, 664, 1078, 0, 0, 34.23%, 0, 0, 24, 53444.64, 36735304, 1048, 0, 0
973, 88, 755, 1080, 0, 0, 34.23%, 0, 0, 24, 48381.38, 36981085, 1048, 0, 0
978, 89, 988, 1082, 0, 0, 34.23%, 0, 0, 24, 55964.45, 37215285, 1048, 0, 0
983, 89, 972, 1082, 0, 0, 34.23%, 0, 0, 24, 6275.99, 37416724, 1048, 0, 0
988, 90, 639, 1083, 1, 0, 34.23%, 0, 0, 24, 58011.90, 37701366, 1048, 0, 0
993, 91, 223, 1084, 1, 0, 34.23%, 0, 0, 24, 57805.31, 37977623, 1048, 0, 0
998, 91, 230, 1084, 0, 0, 34.23%, 0, 0, 24, 31041.87, 38166678, 1048, 0, 0
1004, 92, 705, 1084, 0, 0, 34.23%, 0, 0, 24, 44534.04, 38410045, 1048, 0, 0
1009, 92, 131, 1084, 0, 0, 34.23%, 0, 0, 24, 48579.28, 38647979, 1048, 0, 0
1014, 92, 1036, 1084, 0, 0, 34.23%, 0, 0, 24, 46455.20, 38879141, 1048, 0, 0
1020, 93, 956, 1084, 0, 0, 34.23%, 0, 0, 24, 2766.97, 39100305, 1048, 0, 0
1025, 93, 1063, 1084, 0, 0, 34.23%, 0, 0, 24, 32746.86, 39301108, 1048, 0, 0
1031, 94, 1084, 1085, 1, 0, 34.23%, 0, 0, 24, 3699.62, 39567196, 1048, 0, 0
1036, 95, 872, 1085, 0, 0, 34.23%, 0, 0, 24, 50385.87, 39835862, 1048, 0, 0
1041, 95, 564, 1085, 0, 0, 34.23%, 0, 0, 24, 52206.73, 40091018, 1048, 0, 0
1046, 96, 490, 1086, 0, 0, 34.23%, 0, 0, 24, 52298.36, 40356960, 1048, 0, 0
1051, 96, 628, 1087, 1, 0, 34.23%, 0, 0, 24, 50711.16, 40541235, 1048, 0, 0
1056, 96, 664, 1089, 1, 0, 34.23%, 0, 0, 24, 51007.65, 40775894, 1048, 0, 0
1061, 97, 450, 1089, 0, 0, 34.23%, 0, 0, 24, 52657.76, 41045224, 1048, 0, 0
1068, 98, 953, 1089, 0, 0, 34.23%, 0, 0, 24, 45845.18, 41289581, 1048, 0, 0
1073, 98, 872, 1089, 0, 0, 34.23%, 0, 0, 24, 47265.27, 41519299, 1048, 0, 0
1078, 99, 754, 1089, 0, 0, 34.23%, 0, 0, 24, 61529.70, 41779090, 1048, 0, 0
1084, 99, 705, 1089, 0, 0, 34.23%, 0, 0, 24, 56553.94, 42049531, 1048, 0, 0
1089, 100, 985, 1090, 1, 0, 34.26%, 0, 0, 24, 3771.49, 42219109, 1049, 0, 0
1094, 100, 643, 1090, 0, 0, 34.26%, 0, 0, 24, 46044.74, 42423785, 1049, 0, 0
1099, 100, 458, 1092, 2, 0, 34.26%, 0, 0, 24, 70592.04, 42621535, 1049, 0, 0
1104, 101, 872, 1092, 0, 0, 34.26%, 0, 0, 24, 70785.13, 42823392, 1049, 0, 0
1109, 101, 442, 1092, 0, 0, 34.26%, 0, 0, 24, 53157.85, 42989650, 1049, 0, 0
1114, 101, 1089, 1092, 0, 0, 34.26%, 0, 0, 24, 4759.53, 43127673, 1049, 0, 0
1119, 102, 868, 1092, 0, 0, 34.26%, 0, 0, 24, 52823.13, 43386946, 1049, 0, 0
1124, 102, 442, 1092, 0, 0, 34.26%, 0, 0, 24, 44224.65, 43563648, 1049, 0, 0
1130, 103, 689, 1096, 2, 0, 34.26%, 0, 0, 24, 48121.85, 43743983, 1049, 0, 0
1135, 103, 940, 1096, 0, 0, 34.26%, 0, 0, 24, 40251.14, 43912228, 1049, 0, 0
1140, 104, 1089, 1096, 0, 0, 34.26%, 0, 0, 24, 47772.73, 44154694, 1049, 0, 0
1145, 104, 1052, 1096, 0, 0, 34.26%, 0, 0, 24, 11915.45, 44321314, 1049, 0, 0
1150, 104, 1089, 1097, 0, 0, 34.26%, 0, 0, 24, 55365.65, 44527505, 1049, 0, 0
1155, 105, 862, 1097, 0, 0, 34.26%, 0, 0, 24, 51548.67, 44745148, 1049, 0, 0
1161, 105, 1089, 1097, 0, 0, 34.26%, 0, 0, 24, 35928.21, 44965134, 1049, 0, 0
1166, 106, 746, 1097, 0, 0, 34.26%, 0, 0, 24, 41799.48, 45180130, 1049, 0, 0
1171, 106, 567, 1097, 0, 0, 34.26%, 0, 0, 24, 42385.42, 45371762, 1049, 0, 0
1176, 107, 1089, 1099, 0, 0, 34.26%, 0, 0, 24, 44209.46, 45596562, 1049, 0, 0
1181, 107, 1088, 1099, 0, 0, 34.26%, 0, 0, 24, 55519.66, 45795394, 1049, 0, 0
1186, 107, 564, 1100, 0, 0, 34.26%, 0, 0, 24, 52341.59, 45964892, 1049, 0, 0
1192, 108, 967, 1100, 0, 0, 34.26%, 0, 0, 24, 46515.53, 46142476, 1049, 0, 0
1197, 108, 903, 1100, 0, 0, 34.26%, 0, 0, 24, 47149.61, 46364764, 1049, 0, 0
1202, 108, 862, 1100, 0, 0, 34.26%, 0, 0, 24, 44070.29, 46572111, 1049, 0, 0
1208, 109, 1040, 1100, 0, 0, 34.26%, 0, 0, 24, 46348.51, 46795914, 1049, 0, 0
1213, 109, 586, 1100, 0, 0, 34.26%, 0, 0, 24, 43940.08, 46938706, 1049, 0, 0
1218, 110, 880, 1100, 0, 0, 34.26%, 0, 0, 24, 58676.34, 47193437, 1049, 0, 0
1223, 110, 240, 1100, 0, 0, 34.26%, 0, 0, 24, 58426.96, 47431465, 1049, 0, 0
1228, 111, 294, 1100, 0, 0, 34.26%, 0, 0, 24, 70103.36, 47640504, 1049, 0, 0
1233, 111, 1089, 1100, 0, 0, 34.26%, 0, 0, 24, 46800.23, 47838836, 1049, 0, 0
1240, 112, 1084, 1100, 0, 0, 34.26%, 0, 0, 24, 7291.90, 48084201, 1049, 0, 0
1245, 112, 596, 1100, 0, 0, 34.26%, 0, 0, 24, 47263.28, 48304987, 1049, 0, 0
1250, 112, 1064, 1101, 0, 0, 34.26%, 0, 0, 24, 44961.77, 48505728, 1049, 0, 0
1255, 113, 997, 1102, 0, 0, 34.26%, 0, 0, 24, 34476.23, 48712339, 1049, 0, 0
1260, 113, 1089, 1102, 0, 0, 34.26%, 0, 0, 24, 43948.11, 48844172, 1049, 0, 0
1266, 114, 486, 1102, 0, 0, 34.26%, 0, 0, 24, 47763.80, 49090347, 1049, 0, 0
1271, 114, 175, 1102, 0, 0, 34.26%, 0, 0, 24, 50056.76, 49281172, 1049, 0, 0
1276, 114, 930, 1102, 0, 0, 34.26%, 0, 0, 24, 46290.01, 49449064, 1049, 0, 0
1281, 115, 1008, 1102, 0, 0, 34.26%, 0, 0, 24, 51254.15, 49694027, 1049, 0, 0
1286, 115, 1089, 1102, 0, 0, 34.26%, 0, 0, 24, 34512.51, 49873607, 1049, 0, 0
1291, 116, 1089, 1102, 0, 0, 34.26%, 0, 0, 24, 40003.04, 50023712, 1049, 0, 0
1296, 116, 680, 1102, 0, 0, 34.26%, 0, 0, 24, 43109.28, 50242497, 1049, 0, 0
1301, 116, 1037, 1103, 1, 0, 34.26%, 0, 0, 24, 41323.38, 50442990, 1049, 0, 0
1308, 117, 1100, 1103, 1, 0, 34.26%, 0, 0, 24, 6255.07, 50621468, 1049, 0, 0
1313, 117, 1097, 1103, 0, 0, 34.26%, 0, 0, 24, 54013.16, 50844576, 1049, 0, 0
1318, 118, 432, 1103, 0, 0, 34.26%, 0, 0, 24, 34973.38, 51050106, 1049, 0, 0
1323, 118, 277, 1103, 0, 0, 34.26%, 0, 0, 24, 10226.47, 51268054, 1049, 0, 0
1328, 119, 906, 1104, 0, 0, 34.26%, 0, 0, 24, 39155.05, 51490690, 1049, 0, 0
1333, 119, 596, 1106, 2, 0, 34.26%, 0, 0, 24, 47352.65, 51740100, 1049, 0, 0
1338, 120, 754, 1107, 0, 0, 34.26%, 0, 0, 24, 47891.08, 51965784, 1049, 0, 0
1343, 120, 970, 1107, 0, 0, 34.26%, 0, 0, 24, 8394.39, 52117632, 1049, 0, 0
1348, 120, 906, 1107, 0, 0, 34.26%, 0, 0, 24, 51378.09, 52359159, 1049, 0, 0
1354, 121, 872, 1109, 1, 0, 34.26%, 0, 0, 24, 3797.47, 52606866, 1049, 0, 0
1359, 121, 477, 1110, 0, 0, 34.26%, 0, 0, 24, 81707.01, 52854594, 1049, 0, 0
1364, 122, 6, 1111, 0, 0, 34.26%, 0, 0, 24, 62894.11, 53133885, 1049, 0, 0
1369, 122, 844, 1111, 0, 0, 34.26%, 0, 0, 24, 64033.71, 53365712, 1049, 0, 0
1375, 123, 1068, 1114, 2, 0, 34.26%, 0, 0, 24, 11072.19, 53553723, 1049, 0, 0
1380, 123, 136, 1114, 2, 0, 34.26%, 0, 0, 24, 53339.00, 53811974, 1049, 0, 0
1385, 124, 690, 1115, 1, 0, 34.26%, 0, 0, 24, 54577.54, 54099434, 1049, 0, 0
1391, 124, 1024, 1116, 1, 0, 34.26%, 0, 0, 24, 22075.35, 54274147, 1049, 0, 0
1396, 125, 1118, 1120, 3, 0, 34.26%, 0, 0, 24, 44353.14, 54444329, 1049, 0, 0
1401, 125, 16, 1121, 1, 0, 34.26%, 0, 0, 24, 47805.70, 54626872, 1049, 0, 0
1407, 125, 872, 1121, 0, 0, 34.26%, 0, 0, 24, 59563.73, 54816804, 1049, 0, 0
1412, 126, 746, 1121, 0, 0, 34.26%, 0, 0, 24, 48845.51, 55031275, 1049, 0, 0
1417, 126, 569, 1121, 0, 0, 34.26%, 0, 0, 24, 46256.45, 55246601, 1049, 0, 0
1422, 127, 1086, 1124, 1, 0, 34.26%, 0, 0, 24, 61102.61, 55486577, 1049, 0, 0
1427, 127, 1118, 1124, 0, 0, 34.26%, 0, 0, 24, 4665.16, 55726427, 1049, 0, 0
1432, 128, 222, 1124, 0, 0, 34.26%, 0, 0, 24, 34371.21, 55965349, 1049, 0, 0
1437, 128, 1033, 1124, 0, 0, 34.26%, 0, 0, 24, 29233.56, 56188040, 1049, 0, 0
1442, 129, 1084, 1124, 0, 0, 34.26%, 0, 0, 24, 46268.76, 56439632, 1049, 0, 0
1447, 129, 906, 1124, 0, 0, 34.26%, 0, 0, 24, 47150.45, 56665478, 1049, 0, 0
1452, 129, 540, 1125, 0, 0, 34.26%, 0, 0, 24, 47754.72, 56879602, 1049, 0, 0
1457, 130, 833, 1126, 0, 0, 34.26%, 0, 0, 24, 42736.58, 57110378, 1049, 0, 0
1463, 130, 678, 1127, 0, 0, 34.26%, 0, 0, 24, 52732.74, 57389135, 1049, 0, 0
1468, 131, 558, 1127, 0, 0, 34.26%, 0, 0, 24, 52060.70, 57612563, 1049, 0, 0
1473, 131, 732, 1127, 0, 0, 34.26%, 0, 0, 24, 51191.19, 57847008, 1049, 0, 0
1478, 132, 1018, 1127, 0, 0, 34.26%, 0, 0, 24, 42836.68, 58039752, 1049, 0, 0
1483, 132, 872, 1127, 0, 0, 34.26%, 0, 0, 24, 39037.46, 58219416, 1049, 0, 0
1488, 132, 834, 1128, 1, 0, 34.26%, 0, 0, 24, 46936.85, 58452020, 1049, 0, 0
1493, 133, 427, 1129, 1, 0, 34.26%, 0, 0, 24, 53668.28, 58638082, 1049, 0, 0
1498, 133, 1128, 1129, 1, 0, 34.26%, 0, 0, 24, 9675.39, 58811582, 1049, 0, 0
1504, 134, 264, 1129, 0, 0, 34.26%, 0, 0, 24, 51454.27, 59059894, 1049, 0, 0
1509, 134, 1088, 1129, 0, 0, 34.26%, 0, 0, 24, 64311.72, 59276243, 1049, 0, 0
1514, 135, 123, 1129, 0, 0, 34.26%, 0, 0, 24, 60463.41, 59525715, 1049, 0, 0
1519, 135, 705, 1129, 0, 0, 34.26%, 0, 0, 24, 54192.88, 59763189, 1049, 0, 0
1524, 136, 596, 1129, 0, 0, 34.26%, 0, 0, 24, 54814.95, 60035139, 1049, 0, 0
1529, 136, 887, 1129, 0, 0, 34.26%, 0, 0, 24, 45495.28, 60253589, 1049, 0, 0
1534, 137, 138, 1130, 0, 0, 34.29%, 0, 0, 24, 48281.88, 60493138, 1050, 0, 0
1539, 137, 1115, 1130, 0, 0, 34.29%, 0, 0, 24, 6934.55, 60711007, 1050, 0, 0
1544, 137, 514, 1130, 0, 0, 34.29%, 0, 0, 24, 53784.97, 60917883, 1050, 0, 0
1549, 138, 1124, 1130, 0, 0, 34.29%, 0, 0, 24, 46516.81, 61138514, 1050, 0, 0
1555, 138, 872, 1130, 0, 0, 34.29%, 0, 0, 24, 56211.71, 61378364, 1050, 0, 0
1560, 139, 1115, 1131, 0, 0, 34.29%, 0, 0, 24, 51550.44, 61641882, 1050, 0, 0
1565, 139, 312, 1132, 0, 0, 34.29%, 0, 0, 24, 57782.40, 61904891, 1050, 0, 0
1570, 140, 1036, 1132, 0, 0, 34.29%, 0, 0, 24, 50731.29, 62146240, 1050, 0, 0
1575, 140, 1117, 1132, 0, 0, 34.29%, 0, 0, 24, 52508.18, 62417303, 1050, 0, 0
1580, 141, 1089, 1132, 0, 0, 34.29%, 0, 0, 24, 55777.36, 62666733, 1050, 0, 0
1586, 142, 872, 1132, 0, 0, 34.29%, 0, 0, 24, 53527.56, 62941626, 1050, 0, 0
1591, 142, 426, 1132, 0, 0, 34.29%, 0, 0, 24, 51830.39, 63192861, 1050, 0, 0
1596, 143, 930, 1132, 0, 0, 34.29%, 0, 0, 24, 52933.55, 63454729, 1050, 0, 0
1601, 143, 664, 1132, 0, 0, 34.29%, 0, 0, 24, 52159.60, 63712038, 1050, 0, 0
1606, 144, 872, 1132, 0, 0, 34.29%, 0, 0, 24, 51090.13, 63948993, 1050, 0, 0
1611, 144, 596, 1132, 0, 0, 34.29%, 0, 0, 24, 52124.80, 64210746, 1050, 0, 0
1616, 145, 693, 1132, 0, 0, 34.29%, 0, 0, 24, 51860.31, 64468053, 1050, 0, 0
1622, 145, 408, 1134, 1, 0, 34.29%, 0, 0, 24, 57754.29, 64731819, 1050, 0, 0
1627, 146, 1130, 1134, 0, 0, 34.29%, 0, 0, 24, 52829.22, 64965316, 1050, 0, 0
1632, 146, 682, 1134, 0, 0, 34.29%, 0, 0, 24, 49828.82, 65203887, 1050, 0, 0
1637, 147, 708, 1136, 1, 0, 34.29%, 0, 0, 24, 41021.86, 65420934, 1050, 0, 0
1642, 147, 968, 1136, 0, 0, 34.29%, 0, 0, 24, 47983.33, 65616624, 1050, 0, 0
1647, 147, 872, 1136, 0, 0, 34.29%, 0, 0, 24, 1935.48, 65844681, 1050, 0, 0
1653, 148, 872, 1136, 0, 0, 34.29%, 0, 0, 24, 47467.10, 66105566, 1050, 0, 0
1658, 148, 872, 1136, 0, 0, 34.29%, 0, 0, 24, 9398.50, 66335308, 1050, 0, 0
1663, 149, 834, 1136, 0, 0, 34.29%, 0, 0, 24, 50359.23, 66584296, 1050, 0, 0
1668, 149, 428, 1137, 0, 0, 34.29%, 0, 0, 24, 47452.64, 66779007, 1050, 0, 0
1673, 150, 606, 1137, 0, 0, 34.29%, 0, 0, 24, 49206.76, 67022167, 1050, 0, 0
1678, 150, 743, 1139, 0, 0, 34.55%, 0, 0, 24, 50112.88, 67277313, 1058, 0, 0
1683, 151, 972, 1140, 1, 0, 34.55%, 0, 0, 24, 46371.09, 67512635, 1058, 0, 0
1688, 151, 827, 1141, 1, 0, 34.55%, 0, 0, 24, 45047.15, 67731106, 1058, 0, 0
1693, 151, 490, 1141, 0, 0, 34.55%, 0, 0, 24, 47878.26, 67964429, 1058, 0, 0
1699, 152, 396, 1141, 0, 0, 34.55%, 0, 0, 24, 51623.52, 68216053, 1058, 0, 0
1704, 152, 1026, 1141, 0, 0, 34.55%, 0, 0, 24, 51314.99, 68461048, 1058, 0, 0
1709, 153, 6, 1141, 0, 0, 34.55%, 0, 0, 24, 52169.56, 68715757, 1058, 0, 0
1714, 153, 872, 1141, 0, 0, 34.55%, 0, 0, 24, 49924.09, 68967189, 1058, 0, 0
1719, 154, 1141, 1142, 1, 0, 34.55%, 0, 0, 24, 40862.20, 69141601, 1058, 0, 0
1725, 154, 418, 1142, 0, 0, 34.55%, 0, 0, 24, 52232.04, 69380493, 1058, 0, 0
1730, 155, 1137, 1142, 0, 0, 34.55%, 0, 0, 24, 51243.95, 69626766, 1058, 0, 0
1735, 155, 835, 1143, 0, 0, 34.55%, 0, 0, 24, 51660.04, 69880425, 1058, 0, 0
1740, 156, 678, 1144, 0, 0, 34.55%, 0, 0, 24, 49638.90, 70132072, 1058, 0, 0
1745, 156, 51, 1144, 0, 0, 34.55%, 0, 0, 24, 41884.67, 70347996, 1058, 0, 0
1750, 156, 887, 1144, 0, 0, 34.55%, 0, 0, 24, 73106.54, 70564079, 1058, 0, 0
1755, 157, 955, 1144, 0, 0, 34.55%, 0, 0, 24, 54459.71, 70822027, 1058, 0, 0
1760, 157, 1144, 1145, 1, 0, 34.55%, 0, 0, 24, 51279.64, 71063002, 1058, 0, 0
1765, 158, 308, 1145, 0, 0, 34.55%, 0, 0, 24, 28847.76, 71299280, 1058, 0, 0
1770, 158, 678, 1145, 0, 0, 34.55%, 0, 0, 24, 49603.96, 71518898, 1058, 0, 0
1776, 159, 650, 1145, 0, 0, 34.55%, 0, 0, 24, 49492.44, 71767827, 1058, 0, 0
1781, 159, 1143, 1145, 0, 0, 34.55%, 0, 0, 24, 47083.86, 72013630, 1058, 0, 0
1786, 160, 230, 1145, 0, 0, 34.55%, 0, 0, 24, 51554.06, 72282252, 1058, 0, 0
1791, 160, 1145, 1147, 2, 0, 34.55%, 0, 0, 24, 9490.83, 72495099, 1058, 0, 0
1797, 160, 131, 1147, 1, 0, 34.55%, 0, 0, 24, 55578.67, 72731812, 1058, 0, 0
1802, 161, 1136, 1147, 0, 0, 34.55%, 0, 0, 24, 64201.63, 72909448, 1058, 0, 0
1807, 161, 536, 1148, 0, 0, 34.55%, 0, 0, 24, 54876.33, 73161072, 1058, 0, 0
1812, 162, 240, 1148, 0, 0, 34.55%, 0, 0, 24, 50663.91, 73391184, 1058, 0, 0
1817, 162, 1148, 1150, 2, 0, 34.55%, 0, 0, 24, 60732.40, 73614719, 1058, 0, 0
1822, 163, 930, 1150, 1, 0, 34.55%, 0, 0, 24, 50044.47, 73846222, 1058, 0, 0
1827, 163, 946, 1150, 0, 0, 34.55%, 0, 0, 24, 50883.98, 74100649, 1058, 0, 0
1832, 163, 745, 1151, 1, 0, 34.55%, 0, 0, 24, 51506.34, 74335628, 1058, 0, 0
1837, 164, 561, 1152, 0, 0, 34.55%, 0, 0, 24, 48508.45, 74575689, 1058, 0, 0
1843, 164, 248, 1152, 0, 0, 34.55%, 0, 0, 24, 49528.74, 74816299, 1058, 0, 0
1848, 165, 388, 1153, 1, 0, 34.55%, 0, 0, 24, 49191.28, 75057539, 1058, 0, 0
1853, 165, 680, 1153, 1, 0, 34.55%, 0, 0, 24, 50246.10, 75317922, 1058, 0, 0
1858, 166, 606, 1153, 0, 0, 34.55%, 0, 0, 24, 53541.69, 75570833, 1058, 0, 0
1863, 166, 835, 1154, 1, 0, 34.55%, 0, 0, 24, 48580.85, 75808397, 1058, 0, 0
1868, 167, 1147, 1154, 0, 0, 34.55%, 0, 0, 24, 62861.20, 75969944, 1058, 0, 0
1874, 167, 1036, 1154, 0, 0, 34.55%, 0, 0, 24, 56037.93, 76184738, 1058, 0, 0
1879, 168, 516, 1154, 0, 0, 34.55%, 0, 0, 24, 54009.07, 76453701, 1058, 0, 0
1884, 168, 596, 1154, 0, 0, 34.55%, 0, 0, 24, 49420.40, 76678374, 1058, 0, 0
1889, 168, 872, 1154, 0, 0, 34.55%, 0, 0, 24, 48848.70, 76935896, 1058, 0, 0
1894, 169, 872, 1154, 0, 0, 34.55%, 0, 0, 24, 50014.28, 77190152, 1058, 0, 0
1899, 169, 175, 1154, 0, 0, 34.55%, 0, 0, 24, 53697.65, 77468387, 1058, 0, 0
1904, 170, 347, 1154, 0, 0, 34.55%, 0, 0, 24, 51534.56, 77704891, 1058, 0, 0
1909, 170, 230, 1154, 0, 0, 34.55%, 0, 0, 24, 26667.32, 77915816, 1058, 0, 0
1915, 171, 872, 1154, 0, 0, 34.55%, 0, 0, 24, 7542.58, 78130496, 1058, 0, 0
1920, 171, 536, 1154, 0, 0, 34.55%, 0, 0, 24, 56112.70, 78344738, 1058, 0, 0
1925, 172, 939, 1154, 0, 0, 34.55%, 0, 0, 24, 52231.65, 78593061, 1058, 0, 0
1930, 172, 726, 1154, 0, 0, 34.55%, 0, 0, 24, 54945.98, 78855633, 1058, 0, 0
1935, 173, 1154, 1155, 1, 0, 34.55%, 0, 0, 24, 8167.13, 79074909, 1058, 0, 0
1940, 173, 310, 1155, 0, 0, 34.55%, 0, 0, 24, 47599.71, 79200360, 1058, 0, 0
1945, 173, 663, 1155, 0, 0, 34.55%, 0, 0, 24, 15397.24, 79443697, 1058, 0, 0
1950, 174, 1040, 1155, 0, 0, 34.55%, 0, 0, 24, 42922.40, 79702862, 1058, 0, 0
1955, 174, 1026, 1155, 0, 0, 34.55%, 0, 0, 24, 52282.34, 79958485, 1058, 0, 0
1960, 175, 1100, 1155, 0, 0, 34.55%, 0, 0, 24, 33916.28, 80171043, 1058, 0, 0
1966, 175, 1156, 1157, 1, 0, 34.55%, 0, 0, 25, 48309.91, 80448284, 1058, 0, 0
1971, 176, 834, 1157, 0, 0, 34.55%, 0, 0, 25, 49593.56, 80699967, 1058, 0, 0
1976, 176, 427, 1158, 1, 0, 34.55%, 0, 0, 25, 49662.71, 80953033, 1058, 0, 0
1981, 176, 1089, 1158, 0, 0, 34.55%, 0, 0, 25, 47736.16, 81129043, 1058, 0, 0
1986, 177, 906, 1163, 2, 0, 34.55%, 0, 0, 25, 25708.89, 81296332, 1058, 0, 0
1991, 177, 1018, 1163, 1, 0, 34.55%, 0, 0, 25, 43111.06, 81488176, 1058, 0, 0
1997, 177, 1160, 1165, 1, 0, 34.55%, 0, 0, 25, 13784.60, 81729077, 1058, 0, 0
2002, 178, 442, 1166, 0, 0, 34.55%, 0, 0, 25, 35070.53, 81922392, 1058, 0, 0
2007, 178, 817, 1167, 1, 0, 34.55%, 0, 0, 25, 44577.44, 82171011, 1058, 0, 0
2012, 179, 1070, 1168, 1, 0, 34.55%, 0, 0, 26, 39582.74, 82348280, 1058, 0, 0
2017, 179, 571, 1168, 0, 0, 34.55%, 0, 0, 26, 43527.55, 82568368, 1058, 0, 0
2022, 179, 628, 1169, 0, 0, 34.55%, 0, 0, 27, 47285.44, 82803626, 1058, 0, 0
2027, 180, 659, 1171, 0, 0, 34.55%, 0, 0, 27, 48697.87, 82992789, 1058, 0, 0
2032, 180, 906, 1171, 0, 0, 34.55%, 0, 0, 27, 58832.33, 83226102, 1058, 0, 0
2037, 181, 835, 1171, 0, 0, 34.55%, 0, 0, 27, 56237.00, 83489085, 1058, 0, 0
2043, 181, 682, 1171, 0, 0, 34.55%, 0, 0, 27, 47685.01, 83709902, 1058, 0, 0
2048, 181, 933, 1172, 0, 0, 34.55%, 0, 0, 27, 50753.57, 83919848, 1058, 0, 0
2053, 182, 570, 1172, 0, 0, 34.55%, 0, 0, 27, 47478.33, 84143947, 1058, 0, 0
2058, 182, 596, 1172, 0, 0, 34.55%, 0, 0, 27, 43248.32, 84347468, 1058, 0, 0
2063, 183, 1071, 1172, 0, 0, 34.55%, 0, 0, 27, 45965.22, 84606809, 1058, 0, 0
2068, 183, 515, 1172, 0, 0, 34.55%, 0, 0, 27, 29734.83, 84776358, 1058, 0, 0
2073, 184, 1147, 1172, 0, 0, 34.55%, 0, 0, 27, 48132.16, 85029121, 1058, 0, 0
2078, 184, 550, 1172, 0, 0, 34.55%, 0, 0, 27, 49495.00, 85241811, 1058, 0, 0
2083, 185, 223, 1172, 0, 0, 34.55%, 0, 0, 27, 50970.11, 85510249, 1058, 0, 0
2088, 185, 1156, 1172, 0, 0, 34.55%, 0, 0, 27, 48982.17, 85745497, 1058, 0, 0
2093, 186, 872, 1172, 0, 0, 34.55%, 0, 0, 27, 57751.60, 85944075, 1058, 0, 0
2099, 186, 1172, 1176, 2, 0, 34.55%, 0, 0, 27, 47333.86, 86181334, 1058, 0, 0
2104, 186, 586, 1176, 0, 0, 34.55%, 0, 0, 27, 48115.89, 86386148, 1058, 0, 0
2109, 187, 872, 1176, 0, 0, 34.55%, 0, 0, 27, 45076.93, 86584816, 1058, 0, 0
2114, 187, 998, 1176, 0, 0, 34.55%, 0, 0, 27, 46762.58, 86815945, 1058, 0, 0
2119, 188, 872, 1177, 1, 0, 34.55%, 0, 0, 27, 45064.55, 87041418, 1058, 0, 0
2124, 188, 872, 1177, 0, 0, 34.55%, 0, 0, 27, 41765.50, 87224945, 1058, 0, 0
2129, 188, 872, 1177, 0, 0, 34.55%, 0, 0, 27, 49840.61, 87439955, 1058, 0, 0
2135, 189, 1124, 1177, 0, 0, 34.55%, 0, 0, 27, 41823.03, 87621483, 1058, 0, 0
2140, 189, 678, 1177, 0, 0, 34.55%, 0, 0, 27, 48257.90, 87865170, 1058, 0, 0
2145, 190, 477, 1177, 0, 0, 34.55%, 0, 0, 27, 44729.98, 88071736, 1058, 0, 0
2150, 190, 872, 1177, 0, 0, 34.55%, 0, 0, 27, 51542.16, 88338338, 1058, 0, 0
2156, 191, 1177, 1178, 1, 1, 34.55%, 0, 0, 27, 46254.32, 88556201, 1058, 0, 0
2163, 191, 1178, 1179, 1, 0, 34.55%, 0, 0, 28, 8747.85, 88769962, 1058, 0, 0
2168, 191, 930, 1179, 0, 0, 34.55%, 0, 0, 28, 49006.50, 88995571, 1058, 0, 0
2173, 192, 1162, 1179, 0, 0, 34.55%, 0, 0, 28, 43889.36, 89208483, 1058, 0, 0
2178, 192, 593, 1179, 0, 0, 34.55%, 0, 0, 28, 45735.57, 89424570, 1058, 0, 0
2183, 193, 919, 1179, 0, 0, 34.55%, 0, 0, 28, 41494.41, 89649978, 1058, 0, 0
2188, 193, 872, 1180, 1, 0, 34.55%, 0, 0, 28, 45006.82, 89881783, 1058, 0, 0
2193, 194, 1180, 1181, 2, 0, 34.55%, 0, 0, 28, 48180.39, 90123027, 1058, 0, 0
2198, 194, 1089, 1181, 0, 0, 34.55%, 0, 0, 28, 14391.54, 90253787, 1058, 0, 0
2204, 194, 14, 1181, 0, 0, 34.55%, 0, 0, 28, 38177.47, 90450897, 1058, 0, 0
2209, 195, 610, 1181, 0, 0, 34.55%, 0, 0, 28, 40569.57, 90656356, 1058, 0, 0
2214, 195, 596, 1181, 0, 0, 34.55%, 0, 0, 28, 45375.88, 90881002, 1058, 0, 0
2219, 195, 862, 1181, 0, 0, 34.55%, 0, 0, 28, 52802.97, 91144374, 1058, 0, 0
2224, 196, 872, 1182, 1, 0, 34.55%, 0, 0, 28, 36516.99, 91346770, 1058, 0, 0
2229, 196, 258, 1182, 0, 0, 34.55%, 0, 0, 28, 44520.03, 91578111, 1058, 0, 0
2235, 197, 872, 1182, 0, 0, 34.55%, 0, 0, 28, 45563.18, 91811629, 1058, 0, 0
2240, 197, 835, 1182, 0, 0, 34.55%, 0, 0, 28, 44097.23, 92025144, 1058, 0, 0
2245, 198, 1177, 1183, 1, 0, 34.55%, 0, 0, 29, 48883.49, 92210824, 1058, 0, 0
2250, 198, 306, 1183, 0, 0, 34.55%, 0, 0, 29, 46152.25, 92349655, 1058, 0, 0
2255, 198, 643, 1183, 0, 0, 34.55%, 0, 0, 29, 44976.05, 92558305, 1058, 0, 0
2261, 199, 1183, 1184, 1, 0, 34.55%, 0, 0, 29, 11064.49, 92743002, 1058, 0, 0
2266, 199, 906, 1184, 0, 0, 34.55%, 0, 0, 29, 43072.44, 93000350, 1058, 0, 0
2271, 199, 887, 1184, 0, 0, 34.55%, 0, 0, 29, 44371.25, 93220258, 1058, 0, 0
2276, 200, 930, 1184, 0, 0, 34.55%, 0, 0, 29, 48824.00, 93483182, 1058, 0, 0
2281, 200, 872, 1184, 0, 0, 34.55%, 0, 0, 29, 44323.58, 93706194, 1058, 0, 0
2286, 201, 659, 1184, 0, 0, 34.55%, 0, 0, 29, 48252.47, 93956271, 1058, 0, 0
2292, 201, 1184, 1185, 1, 0, 34.55%, 0, 0, 29, 40135.52, 94106095, 1058, 0, 0
2297, 202, 872, 1185, 0, 0, 34.55%, 0, 0, 29, 42990.69, 94323707, 1058, 0, 0
2303, 202, 1185, 1186, 1, 0, 34.55%, 0, 0, 29, 45735.26, 94538205, 1058, 0, 0
2308, 202, 1175, 1186, 0, 0, 34.55%, 0, 0, 29, 44097.83, 94755428, 1058, 0, 0
2314, 203, 1177, 1186, 0, 0, 34.55%, 0, 0, 29, 47306.25, 94994483, 1058, 0, 0
2319, 203, 445, 1186, 0, 0, 34.55%, 0, 0, 29, 42314.68, 95194788, 1058, 0, 0
2324, 204, 1177, 1186, 0, 0, 34.55%, 0, 0, 29, 44003.36, 95422389, 1058, 0, 0
2329, 204, 258, 1186, 0, 0, 34.55%, 0, 0, 29, 44741.46, 95609769, 1058, 0, 0
2334, 204, 733, 1186, 0, 0, 34.55%, 0, 0, 29, 45020.38, 95831326, 1058, 0, 0
2339, 205, 382, 1186, 0, 0, 34.55%, 0, 0, 29, 41819.08, 96013146, 1058, 0, 0
2344, 205, 755, 1186, 0, 0, 34.55%, 0, 0, 29, 50144.53, 96275719, 1058, 0, 0
2349, 206, 872, 1186, 0, 0, 34.55%, 0, 0, 29, 47188.47, 96500364, 1058, 0, 0
2354, 206, 388, 1186, 0, 0, 34.55%, 0, 0, 29, 43828.96, 96705326, 1058, 0, 0
2359, 207, 1136, 1186, 0, 0, 34.55%, 0, 0, 29, 51230.61, 96964086, 1058, 0, 0
2364, 207, 1177, 1186, 0, 0, 34.55%, 0, 0, 29, 44985.93, 97172650, 1058, 0, 0
2370, 208, 308, 1186, 0, 0, 34.55%, 0, 0, 29, 50156.14, 97442781, 1058, 0, 0
2375, 208, 843, 1187, 1, 0, 34.55%, 0, 0, 29, 51972.86, 97685196, 1058, 0, 0
2380, 208, 387, 1187, 0, 0, 34.55%, 0, 0, 29, 49839.94, 97843513, 1058, 0, 0
2385, 209, 872, 1187, 0, 0, 34.55%, 0, 0, 29, 45540.46, 98051709, 1058, 0, 0
2390, 209, 1177, 1188, 0, 0, 34.55%, 0, 0, 29, 48985.80, 98246356, 1058, 0, 0
2395, 209, 617, 1188, 0, 0, 34.55%, 0, 0, 29, 46266.64, 98464363, 1058, 0, 0
2400, 210, 1177, 1189, 0, 0, 34.55%, 0, 0, 29, 41846.47, 98679067, 1058, 0, 0
2405, 210, 1190, 1191, 1, 0, 34.55%, 0, 0, 29, 44013.74, 98843917, 1058, 0, 0
2410, 211, 1176, 1192, 1, 0, 34.55%, 0, 0, 29, 45213.10, 99072764, 1058, 0, 0
2415, 211, 536, 1193, 1, 0, 34.55%, 0, 0, 29, 11989.50, 99219428, 1058, 0, 0
2421, 211, 1192, 1193, 1, 0, 34.55%, 0, 0, 29, 34699.92, 99424677, 1058, 0, 0
2426, 211, 890, 1196, 1, 0, 34.55%, 0, 0, 29, 33098.66, 99584751, 1058, 0, 0
2431, 212, 571, 1197, 1, 0, 34.55%, 0, 0, 30, 47018.06, 99822543, 1058, 0, 0
2436, 212, 659, 1197, 0, 0, 34.55%, 0, 0, 30, 41836.44, 100004678, 1058, 0, 0
2442, 213, 884, 1197, 0, 0, 34.55%, 0, 0, 30, 55383.70, 100209805, 1058, 0, 0
2447, 213, 391, 1197, 0, 0, 34.55%, 0, 0, 30, 34562.90, 100389566, 1058, 0, 0
2452, 213, 872, 1197, 0, 0, 34.55%, 0, 0, 30, 30467.69, 100585669, 1058, 0, 0
2457, 214, 553, 1198, 0, 0, 34.55%, 0, 0, 30, 48737.08, 100854950, 1058, 0, 0
2462, 214, 872, 1198, 0, 0, 34.55%, 0, 0, 30, 47533.14, 101092549, 1058, 0, 0
2467, 215, 560, 1198, 0, 0, 34.55%, 0, 0, 30, 52905.67, 101358785, 1058, 0, 0
2472, 215, 1177, 1199, 1, 0, 34.55%, 0, 0, 30, 45757.65, 101578953, 1058, 0, 0
2478, 215, 1199, 1200, 1, 0, 34.55%, 0, 0, 30, 40297.11, 101705348, 1058, 0, 0
2483, 216, 558, 1200, 0, 0, 34.55%, 0, 0, 30, 49138.60, 101948835, 1058, 0, 0
2488, 216, 872, 1200, 0, 0, 34.55%, 0, 0, 30, 6417.11, 102159268, 1058, 0, 0
2494, 216, 872, 1200, 0, 0, 34.55%, 0, 0, 30, 4152.59, 102367936, 1058, 0, 0
2499, 217, 1177, 1200, 0, 0, 34.55%, 0, 0, 30, 52233.87, 102629819, 1058, 0, 0
2504, 217, 1082, 1200, 0, 0, 34.55%, 0, 0, 30, 46619.92, 102856467, 1058, 0, 0
2509, 218, 216, 1200, 0, 0, 34.55%, 0, 0, 30, 48178.91, 103110739, 1058, 0, 0
2514, 218, 650, 1200, 0, 0, 34.55%, 0, 0, 30, 48340.77, 103333432, 1058, 0, 0
2520, 219, 1186, 1200, 0, 0, 34.55%, 0, 0, 30, 52574.40, 103567548, 1058, 0, 0
2525, 219, 872, 1201, 0, 0, 34.55%, 0, 0, 30, 49612.72, 103810239, 1058, 0, 0
2530, 219, 872, 1201, 0, 0, 34.55%, 0, 0, 30, 45211.80, 104021173, 1058, 0, 0
2535, 220, 606, 1201, 0, 0, 34.55%, 0, 0, 30, 44623.19, 104254506, 1058, 0, 0
2540, 220, 240, 1202, 0, 0, 34.55%, 0, 0, 30, 44492.81, 104434334, 1058, 0, 0
2545, 220, 1119, 1202, 0, 0, 34.55%, 0, 0, 30, 46746.56, 104676951, 1058, 0, 0
2550, 221, 1177, 1202, 0, 0, 34.55%, 0, 0, 30, 47940.77, 104918408, 1058, 0, 0
2555, 221, 718, 1202, 0, 0, 34.55%, 0, 0, 30, 45388.68, 105134141, 1058, 0, 0
2560, 222, 55, 1202, 0, 0, 34.55%, 0, 0, 30, 47328.58, 105380125, 1058, 0, 0
2566, 222, 872, 1202, 0, 0, 34.55%, 0, 0, 30, 40907.92, 105569855, 1058, 0, 0
2571, 222, 723, 1202, 0, 0, 34.55%, 0, 0, 30, 38818.92, 105757957, 1058, 0, 0
2576, 223, 1200, 1202, 0, 0, 34.55%, 0, 0, 30, 49523.66, 106001993, 1058, 0, 0
2581, 223, 844, 1202, 0, 0, 34.55%, 0, 0, 30, 45677.95, 106234318, 1058, 0, 0
2586, 224, 872, 1203, 1, 0, 34.55%, 0, 0, 30, 8333.33, 106479167, 1058, 0, 0
2591, 224, 781, 1203, 1, 0, 34.55%, 0, 0, 30, 42877.76, 106699617, 1058, 0, 0
2597, 225, 1200, 1203, 0, 0, 34.55%, 0, 0, 30, 48407.48, 106926421, 1058, 0, 0
2602, 225, 1177, 1203, 0, 0, 34.55%, 0, 0, 30, 45273.26, 107151401, 1058, 0, 0
2607, 225, 872, 1203, 0, 0, 34.55%, 0, 0, 30, 44458.73, 107376893, 1058, 0, 0
2612, 226, 678, 1204, 0, 0, 34.55%, 0, 0, 30, 35983.97, 107615001, 1058, 0, 0
2617, 226, 1019, 1204, 0, 0, 34.55%, 0, 0, 30, 57746.87, 107817256, 1058, 0, 0
2622, 226, 843, 1204, 0, 0, 34.55%, 0, 0, 30, 49396.30, 108038697, 1058, 0, 0
2627, 227, 227, 1204, 0, 0, 34.55%, 0, 0, 30, 54185.71, 108310581, 1058, 0, 0
2632, 227, 835, 1204, 0, 0, 34.55%, 0, 0, 30, 29103.96, 108492948, 1058, 0, 0
2637, 228, 310, 1204, 0, 0, 34.55%, 0, 0, 30, 41353.32, 108718499, 1058, 0, 0
2643, 228, 1187, 1204, 0, 0, 34.55%, 0, 0, 30, 4062.64, 108960338, 1058, 0, 0
2648, 228, 564, 1204, 0, 0, 34.55%, 0, 0, 30, 37784.68, 109144910, 1058, 0, 0
2653, 229, 1177, 1204, 0, 0, 34.55%, 0, 0, 30, 44215.01, 109372239, 1058, 0, 0
2658, 229, 1199, 1204, 0, 0, 34.55%, 0, 0, 30, 44128.05, 109605198, 1058, 0, 0
2663, 230, 1177, 1204, 0, 0, 34.55%, 0, 0, 30, 43400.65, 109824958, 1058, 0, 0
2668, 230, 1189, 1204, 0, 0, 34.55%, 0, 0, 30, 40312.19, 110019593, 1058, 0, 0
2673, 230, 1187, 1205, 1, 0, 34.55%, 0, 0, 30, 42401.06, 110236056, 1058, 0, 0
2678, 230, 872, 1205, 0, 0, 34.55%, 0, 0, 30, 52530.38, 110353168, 1058, 0, 0
2684, 231, 1200, 1205, 0, 0, 34.55%, 0, 0, 30, 47807.60, 110587819, 1058, 0, 0
2689, 231, 1186, 1205, 0, 0, 34.55%, 0, 0, 30, 48917.21, 110833201, 1058, 0, 0
2694, 232, 1177, 1205, 0, 0, 34.55%, 0, 0, 30, 50315.92, 111054381, 1058, 0, 0
2699, 232, 884, 1205, 0, 0, 34.55%, 0, 0, 30, 11578.85, 111283689, 1058, 0, 0
2704, 232, 872, 1205, 0, 0, 34.55%, 0, 0, 30, 30127.89, 111472299, 1058, 0, 0
2709, 233, 688, 1205, 0, 0, 34.55%, 0, 0, 30, 45937.53, 111693310, 1058, 0, 0
2715, 233, 872, 1206, 0, 0, 34.55%, 0, 0, 30, 48754.25, 111885327, 1058, 0, 0
2720, 234, 1200, 1206, 0, 0, 34.55%, 0, 0, 30, 42561.61, 112083111, 1058, 0, 0
2725, 234, 1151, 1206, 0, 0, 34.55%, 0, 0, 30, 46618.33, 112307408, 1058, 0, 0
2730, 234, 442, 1206, 0, 0, 34.55%, 0, 0, 30, 62514.71, 112538312, 1058, 0, 0
2735, 235, 906, 1207, 1, 0, 34.55%, 0, 0, 30, 50016.68, 112758758, 1058, 0, 0
2740, 235, 430, 1207, 1, 0, 34.55%, 0, 0, 30, 56731.32, 112993167, 1058, 0, 0
2745, 235, 857, 1207, 0, 0, 34.55%, 0, 0, 30, 63329.91, 113166901, 1058, 0, 0
2750, 236, 755, 1207, 0, 0, 34.55%, 0, 0, 30, 48954.25, 113390727, 1058, 0, 0
2755, 236, 1193, 1207, 0, 0, 34.55%, 0, 0, 30, 43686.32, 113596008, 1058, 0, 0
2760, 237, 382, 1207, 0, 0, 34.55%, 0, 0, 30, 40151.14, 113803510, 1058, 0, 0
2766, 237, 620, 1207, 0, 0, 34.55%, 0, 0, 30, 60691.40, 114052819, 1058, 0, 0
2771, 237, 872, 1207, 0, 0, 34.55%, 0, 0, 30, 39404.23, 114245357, 1058, 0, 0
2776, 238, 878, 1207, 0, 0, 34.55%, 0, 0, 30, 44842.47, 114478554, 1058, 0, 0
2781, 238, 1200, 1207, 0, 0, 34.55%, 0, 0, 30, 43395.85, 114662348, 1058, 0, 0
2786, 239, 843, 1207, 0, 0, 34.55%, 0, 0, 30, 40183.50, 114866226, 1058, 0, 0
2791, 239, 657, 1207, 0, 0, 34.55%, 0, 0, 30, 43926.65, 115095522, 1058, 0, 0
2794, 239, 844, 1207, 0, 0, 34.55%, 0, 0, 30, 47047.76, 115216136, 1058, 0, 0
